2100040101 0.0549 5.70352
2100040102 0.0544 7.24962
2100040103 0.0538 8.86869
2100040104 0.0533 10.39119
2100040105 0.0528 11.74347
2100040106 0.0523 12.90093
2100040107 0.0519 13.86339
2100040108 0.0514 14.6422
2100040109 0.051 15.25355
2100040110 0.0506 15.7151
2100040111 0.0502 16.04428
2100040112 0.0499 16.25748
2100040113 0.0495 16.36977
2100040114 0.0492 16.39477
2100040115 0.0489 16.3447
2100040116 0.0486 16.23048
2100040117 0.0483 16.06177
2100040118 0.048 15.84718
2100040119 0.0477 15.59428
2100040120 0.0475 15.30976
2100040121 0.0472 14.99953
2100040122 0.047 14.66874
2100040123 0.0468 14.32195
2100040124 0.0466 13.96313
2100040201 0.0464 13.59571
2100040202 0.0462 13.22272
2100040203 0.046 12.84675
2100040204 0.0459 12.47005
2100040205 0.0457 12.09455
2100040206 0.0455 11.72188
2100040207 0.0453 11.35343
2100040208 0.0452 10.9904
2100040209 0.045 10.63374
2100040210 0.0449 10.28428
2100040211 0.0448 9.94267
2100040212 0.0446 9.60945
2100040213 0.0445 9.28502
2100040214 0.0444 8.96968
2100040215 0.0443 8.66368
2100040216 0.0442 8.36714
2100040217 0.0441 8.08015
2100040218 0.044 7.80274
2100040219 0.0439 7.53487
2100040220 0.0438 7.27646
2100040221 0.0437 7.02742
2100040222 0.0436 6.78761
2100040223 0.0435 6.55685
2100040224 0.0434 6.33496
2100040301 0.0434 6.12176
2100040302 0.0434 5.91703
2100040303 0.0433 5.72056
2100040304 0.0432 5.53211
2100040305 0.0431 5.35143
2100040306 0.0431 5.1783
2100040307 0.043 5.01246
2100040308 0.043 4.85368
2100040309 0.0429 4.70171
2100040310 0.0429 4.55631
2100040311 0.0428 4.41724
2100040312 0.0428 4.28428
2100040313 0.046 4.15746
2100040314 0.0551 4.03746
2100040315 0.0632 3.92508
2100040316 0.0621 3.8203
2100040317 0.061 3.72275
2100040318 0.06 3.63188
2100040319 0.059 3.54709
2100040320 0.0581 3.46781
2100040321 0.0573 3.3935
2100040322 0.0565 3.32368
2100040323 0.0557 3.25791
2100040324 0.055 3.19578
2100040401 0.0552 3.13703
2100040402 0.0545 3.08137
2100040403 0.0538 3.02852
2100040404 0.0531 2.97822
2100040405 0.0525 2.93025
2100040406 0.0519 2.88438
2100040407 0.0514 2.84044
2100040408 0.0509 2.79827
2100040409 0.0504 2.75773
2100040410 0.0499 2.71869
2100040411 0.0495 2.68105
2100040412 0.0491 2.64471
2100040413 0.0504 2.60972
2100040414 0.055 2.57652
2100040415 0.0575 2.54543
2100040416 0.0567 2.51649
2100040417 0.0841 2.49197
2100040418 0.0553 2.47018
2100040419 0.0546 2.45013
2100040420 0.054 2.43127
2100040421 0.0534 2.41324
2100040422 0.0528 2.39582
2100040423 0.0523 2.37886
2100040424 0.0518 2.36226
2100040501 0.0518 2.34598
2100040502 0.0513 2.32997
2100040503 0.0508 2.3142
2100040504 0.0503 2.29863
2100040505 0.0499 2.28321
2100040506 0.0495 2.26792
2100040507 0.0491 2.25275
2100040508 0.0487 2.23768
2100040509 0.0484 2.22271
2100040510 0.048 2.20781
2100040511 0.1745 2.20393
2100040512 0.6178 2.25345
2100040513 0.0471 2.32254
2100040514 0.0468 2.3943
2100040515 0.0466 2.4607
2100040516 0.0463 2.51831
2100040517 0.4334 2.5994
2100040518 0.2501 2.70097
2100040519 0.1231 2.80905
2100040520 0.0455 2.90991
2100040521 0.0453 2.99757
2100040522 0.0451 3.07005
2100040523 0.0449 3.12731
2100040524 0.0448 3.17027
2100040601 0.045 3.20027
2100040602 0.045 3.21876
2100040603 0.045 3.22715
2100040604 0.0448 3.22678
2100040605 0.0446 3.21882
2100040606 0.0444 3.20436
2100040607 0.0442 3.18436
2100040608 0.0441 3.15969
2100040609 0.0439 3.13109
2100040610 0.0438 3.09925
2100040611 0.0437 3.06476
2100040612 0.0442 3.02822
2100040613 0.0443 2.99011
2100040614 0.0442 2.95086
2100040615 0.0441 2.91081
2100040616 0.0439 2.87027
2100040617 0.0437 2.82946
2100040618 0.0435 2.7886
2100040619 0.0434 2.74787
2100040620 0.0433 2.70743
2100040621 0.0432 2.66741
2100040622 0.043 2.62793
2100040623 0.043 2.58908
2100040624 0.0429 2.55096
2100040701 0.0428 2.51362
2100040702 0.0427 2.47712
2100040703 0.0427 2.44151
2100040704 0.0426 2.40682
2100040705 0.0425 2.37308
2100040706 0.0425 2.3403
2100040707 0.0424 2.3085
2100040708 0.0424 2.27769
2100040709 0.0423 2.24786
2100040710 0.0423 2.21901
2100040711 0.0423 2.19114
2100040712 0.0458 2.16454
2100040713 0.0563 2.14023
2100040714 0.0587 2.11877
2100040715 0.0573 2.10014
2100040716 0.0561 2.08407
2100040717 0.055 2.07021
2100040718 0.054 2.05818
2100040719 0.053 2.04763
2100040720 0.0522 2.03825
2100040721 0.0514 2.02977
2100040722 0.0507 2.02196
2100040723 0.0501 2.01465
2100040724 0.0495 2.00766
2100040801 0.0494 2.00094
2100040802 0.0488 1.99437
2100040803 0.0483 1.98788
2100040804 0.0478 1.9814
2100040805 0.0474 1.97487
2100040806 0.047 1.96826
2100040807 0.0466 1.96154
2100040808 0.0463 1.95469
2100040809 0.046 1.94769
2100040810 0.0457 1.94056
2100040811 0.0454 1.93328
2100040812 0.0452 1.92586
2100040813 0.0449 1.91832
2100040814 0.0447 1.91065
2100040815 0.0445 1.90289
2100040816 0.0443 1.89503
2100040817 0.0441 1.8871
2100040818 0.044 1.87911
2100040819 0.0438 1.87109
2100040820 0.0437 1.86304
2100040821 0.0436 1.855
2100040822 0.0435 1.84697
2100040823 0.0433 1.83897
2100040824 0.0432 1.83101
2100040901 0.0432 1.82311
2100040902 0.0431 1.81529
2100040903 0.043 1.80755
2100040904 0.0429 1.79991
2100040905 0.0428 1.79237
2100040906 0.0427 1.78493
2100040907 0.0427 1.77762
2100040908 0.0426 1.77042
2100040909 0.0426 1.76336
2100040910 0.0425 1.75643
2100040911 0.0425 1.74965
2100040912 0.0441 1.74316
2100040913 0.0648 1.73881
2100040914 0.0979 1.74014
2100040915 0.1168 1.74999
2100040916 0.1112 1.76854
2100040917 0.1061 1.79479
2100040918 0.1014 1.82725
2100040919 0.097 1.86439
2100040920 0.093 1.90474
2100040921 0.0894 1.94699
2100040922 0.086 1.99006
2100040923 0.0828 2.03298
2100040924 0.08 2.07503
2100041001 0.0794 2.11575
2100041002 0.0766 2.15472
2100041003 0.0741 2.19155
2100041004 0.0717 2.22594
2100041005 0.0695 2.25763
2100041006 0.0675 2.28647
2100041007 0.0657 2.31236
2100041008 0.064 2.33525
2100041009 0.0624 2.35515
2100041010 0.061 2.3721
2100041011 0.0596 2.38616
2100041012 0.059 2.39749
2100041013 0.0666 2.40697
2100041014 0.0797 2.41625
2100041015 0.0985 2.42767
2100041016 0.112 2.4433
2100041017 0.1142 2.46391
2100041018 0.1124 2.48933
2100041019 0.1091 2.51877
2100041020 0.1062 2.55129
2100041021 0.7172 2.63882
2100041022 0.7805 2.80628
2100041023 1.5124 3.12205
2100041024 3.3485 3.76419
2100041101 4.1717 4.85994
2100041102 3.2569 6.35376
2100041103 3.8678 8.24169
2100041104 2.6765 10.38724
2100041105 0.132 12.48619
2100041106 0.1235 14.39834
2100041107 0.1159 16.06817
2100041108 0.1091 17.48307
2100041109 0.1029 18.65143
2100041110 0.0974 19.59118
2100041111 0.0924 20.32392
2100041112 0.0878 20.87186
2100041113 0.0838 21.25645
2100041114 0.0804 21.4977
2100041115 0.0863 21.6147
2100041116 0.0891 21.62479
2100041117 0.0849 21.54297
2100041118 0.081 21.38234
2100041119 0.0776 21.15445
2100041120 0.0744 20.86951
2100041121 0.0716 20.53658
2100041122 0.069 20.16369
2100041123 0.0666 19.75792
2100041124 0.0645 19.32557
2100041201 0.0618 18.87213
2100041202 0.0602 18.40246
2100041203 0.0587 17.92089
2100041204 0.0573 17.43118
2100041205 0.0561 16.93667
2100041206 0.0549 16.44023
2100041207 0.0539 15.94437
2100041208 0.0529 15.45125
2100041209 0.0521 14.96272
2100041210 0.0513 14.48036
2100041211 0.0505 14.00551
2100041212 0.0499 13.53929
2100041213 0.0493 13.08263
2100041214 0.0487 12.63628
2100041215 0.0482 12.20087
2100041216 0.0477 11.77685
2100041217 0.0472 11.36458
2100041218 0.0468 10.96431
2100041219 0.0464 10.57622
2100041220 0.0461 10.20039
2100041221 0.0458 9.83684
2100041222 0.0455 9.48555
2100041223 0.0452 9.14642
2100041224 0.0449 8.81931
2100041301 0.0447 8.50407
2100041302 0.0445 8.20049
2100041303 0.0443 7.90835
2100041304 0.0441 7.62741
2100041305 0.0439 7.3574
2100041306 0.0438 7.09805
2100041307 0.0436 6.84908
2100041308 0.0435 6.61019
2100041309 0.0434 6.38108
2100041310 0.0433 6.16145
2100041311 0.0431 5.95101
2100041312 0.043 5.74943
2100041313 0.0429 5.55641
2100041314 0.0437 5.37174
2100041315 0.6911 5.25093
2100041316 0.0613 5.16069
2100041317 0.0694 5.08467
2100041318 0.0678 5.01451
2100041319 0.0652 4.94595
2100041320 0.0629 4.87689
2100041321 0.0609 4.80642
2100041322 0.059 4.73421
2100041323 0.0574 4.66027
2100041324 0.0559 4.58477
2100041401 0.0553 4.50802
2100041402 0.054 4.4303
2100041403 0.0528 4.3519
2100041404 0.0518 4.27309
2100041405 0.0508 4.19411
2100041406 0.05 4.1152
2100041407 0.0492 4.03657
2100041408 0.0485 3.95844
2100041409 0.0479 3.88097
2100041410 0.0576 3.80523
2100041411 0.1035 3.7357
2100041412 0.5424 3.71196
2100041413 2.298 3.90007
2100041414 1.4182 4.28419
2100041415 1.2666 4.82941
2100041416 1.2516 5.50603
2100041417 1.1644 6.28228
2100041418 0.316 7.06187
2100041419 0.2938 7.79718
2100041420 0.2735 8.46629
2100041421 0.255 9.06078
2100041422 0.2381 9.57922
2100041423 0.2226 10.02378
2100041424 0.2085 10.39839
2100041501 0.2073 10.70878
2100041502 0.1936 10.96014
2100041503 0.1811 11.15732
2100041504 0.1697 11.30488
2100041505 0.1593 11.40715
2100041506 0.1498 11.4682
2100041507 0.1411 11.49189
2100041508 0.1331 11.48185
2100041509 0.1258 11.44147
2100041510 0.1191 11.37396
2100041511 0.1496 11.28545
2100041512 0.3138 11.19455
2100041513 0.2652 11.10589
2100041514 0.3159 11.02599
2100041515 0.3198 10.95769
2100041516 0.2958 10.89958
2100041517 0.2742 10.84855
2100041518 0.2542 10.80112
2100041519 0.236 10.75398
2100041520 0.2195 10.70429
2100041521 0.2045 10.64979
2100041522 0.1908 10.58872
2100041523 0.1784 10.51981
2100041524 0.167 10.44224
2100041601 0.1596 10.35576
2100041602 0.1497 10.26024
2100041603 0.1406 10.1557
2100041604 0.1324 10.0423
2100041605 0.1248 9.92037
2100041606 0.1179 9.79032
2100041607 0.1116 9.65268
2100041608 0.1059 9.50804
2100041609 0.1006 9.35704
2100041610 0.0958 9.20037
2100041611 0.1024 9.03964
2100041612 0.1424 8.87972
2100041613 0.1963 8.72774
2100041614 0.2252 8.58925
2100041615 0.2328 8.46677
2100041616 0.2155 8.35911
2100041617 0.2 8.26363
2100041618 0.1859 8.17725
2100041619 0.1731 8.09706
2100041620 0.1616 8.02048
2100041621 0.1511 7.94537
2100041622 0.1416 7.87001
2100041623 0.133 7.79307
2100041624 0.1251 7.71356
2100041701 0.1161 7.63061
2100041702 0.1099 7.54374
2100041703 0.1043 7.45271
2100041704 0.0991 7.35748
2100041705 0.0944 7.25813
2100041706 0.0901 7.15485
2100041707 0.0862 7.04791
2100041708 0.0826 6.93763
2100041709 0.0793 6.82434
2100041710 0.0763 6.70843
2100041711 0.0735 6.59027
2100041712 0.0712 6.47027
2100041713 0.0819 6.34995
2100041714 0.1093 6.23264
2100041715 0.1217 6.121
2100041716 0.116 6.01559
2100041717 0.1096 5.91593
2100041718 0.1034 5.8211
2100041719 0.0978 5.73005
2100041720 0.0927 5.64185
2100041721 0.0881 5.55566
2100041722 0.084 5.47081
2100041723 0.0803 5.38678
2100041724 0.0769 5.30318
2100041801 0.0737 5.21973
2100041802 0.071 5.13623
2100041803 0.0685 5.05259
2100041804 0.0662 4.96877
2100041805 0.0641 4.88477
2100041806 0.0622 4.80065
2100041807 0.0605 4.71647
2100041808 0.0589 4.63234
2100041809 0.0575 4.54837
2100041810 0.079 4.46665
2100041811 0.1546 4.39467
2100041812 0.1823 4.3377
2100041813 0.3391 4.3107
2100041814 0.3544 4.31976
2100041815 0.3452 4.36426
2100041816 0.3213 4.4393
2100041817 0.2979 4.53829
2100041818 0.276 4.65447
2100041819 0.2561 4.78158
2100041820 0.2381 4.91415
2100041821 0.2216 5.04762
2100041822 0.2065 5.17822
2100041823 0.1928 5.30298
2100041824 0.1803 5.41958
2100041901 0.1573 5.52531
2100041902 0.1486 5.6187
2100041903 0.1407 5.69905
2100041904 0.1333 5.76614
2100041905 0.1265 5.82006
2100041906 0.1202 5.8611
2100041907 0.1145 5.88973
2100041908 0.1092 5.90648
2100041909 0.1042 5.91199
2100041910 0.1028 5.90719
2100041911 0.2385 5.90492
2100041912 0.5849 5.94069
2100041913 0.8279 6.04878
2100041914 0.7491 6.23262
2100041915 0.624 6.47722
2100041916 0.4687 6.75757
2100041917 0.4378 7.05653
2100041918 0.4076 7.36171
2100041919 0.3799 7.66396
2100041920 0.3544 7.95647
2100041921 0.331 8.23411
2100041922 0.3094 8.49311
2100041923 0.2895 8.73075
2100041924 0.2712 8.94518
2100042001 0.2857 9.13794
2100042002 0.2652 9.30904
2100042003 0.2465 9.45798
2100042004 0.2295 9.58431
2100042005 0.2139 9.68775
2100042006 0.1996 9.76833
2100042007 0.1865 9.82634
2100042008 0.1746 9.86235
2100042009 0.1637 9.87712
2100042010 0.1537 9.87161
2100042011 0.1494 9.84731
2100042012 0.1625 9.80741
2100042013 0.2517 9.76223
2100042014 0.3277 9.72345
2100042015 0.3033 9.69394
2100042016 0.2803 9.67241
2100042017 0.2594 9.65597
2100042018 0.2404 9.64135
2100042019 0.2232 9.62549
2100042020 0.2075 9.60579
2100042021 0.1933 9.58015
2100042022 0.1803 9.54698
2100042023 0.1685 9.50513
2100042024 0.1577 9.45388
2100042101 0.151 9.3931
2100042102 0.1415 9.3227
2100042103 0.1328 9.24276
2100042104 0.125 9.15347
2100042105 0.1178 9.05518
2100042106 0.1113 8.94835
2100042107 0.1054 8.8335
2100042108 0.1 8.71126
2100042109 0.095 8.58228
2100042110 0.2806 8.4636
2100042111 0.2765 8.36217
2100042112 0.463 8.29622
2100042113 0.2708 8.25511
2100042114 0.2707 8.23236
2100042115 0.2729 8.224
2100042116 0.2768 8.22755
2100042117 0.282 8.24151
2100042118 0.2885 8.26499
2100042119 0.2856 8.29661
2100042120 0.4733 8.35128
2100042121 0.8514 8.46659
2100042122 1.0396 8.67127
2100042123 1.228 8.98784
2100042124 1.0362 9.40137
2100042201 1.2274 9.91382
2100042202 1.0356 10.5014
2100042203 1.2242 11.16295
2100042204 0.8426 11.85834
2100042205 1.0316 12.58166
2100042206 1.2305 13.34375
2100042207 1.8095 14.19493
2100042208 2.1983 15.18328
2100042209 2.2072 16.31944
2100042210 2.9692 17.66088
2100042211 3.7319 19.28187
2100042212 2.9778 21.12769
2100042213 2.4114 23.10466
2100042214 0.7051 25.00951
2100042215 0.5206 26.73484
2100042216 0.1438 28.20811
2100042217 0.1394 29.41035
2100042218 0.1318 30.34857
2100042219 0.1251 31.04173
2100042220 0.1191 31.51352
2100042221 0.1138 31.78868
2100042222 0.1091 31.89118
2100042223 0.105 31.84344
2100042224 0.1013 31.66596
2100042301 0.098 31.37726
2100042302 0.0922 30.99374
2100042303 0.0872 30.52992
2100042304 0.0828 29.99874
2100042305 0.0789 29.41169
2100042306 0.0768 28.77906
2100042307 0.0804 28.11051
2100042308 0.0916 27.41545
2100042309 0.1209 26.70414
2100042310 0.1281 25.98463
2100042311 0.1536 25.26503
2100042312 0.2098 24.55552
2100042313 0.2296 23.86334
2100042314 0.2383 23.19293
2100042315 0.235 22.54603
2100042316 0.2482 21.92442
2100042317 0.2509 21.32878
2100042318 0.2299 20.7572
2100042319 0.2092 20.20663
2100042320 0.191 19.67394
2100042321 0.175 19.1563
2100042322 0.1608 18.65135
2100042323 0.1484 18.15722
2100042324 0.3275 17.68889
2100042401 0.1297 17.23537
2100042402 0.1217 16.79101
2100042403 0.1146 16.35301
2100042404 0.1083 15.92012
2100042405 0.1028 15.49197
2100042406 0.0989 15.06869
2100042407 0.1022 14.65127
2100042408 0.3065 14.25831
2100042409 0.1232 13.88165
2100042410 0.1219 13.5172
2100042411 0.1141 13.16243
2100042412 0.1064 12.81564
2100042413 0.1017 12.47594
2100042414 0.1107 12.14396
2100042415 0.1235 11.82133
2100042416 0.1559 11.51165
2100042417 0.1186 11.21318
2100042418 0.1091 10.92419
2100042419 0.1009 10.64319
2100042420 0.0937 10.36899
2100042421 0.0874 10.10066
2100042422 0.0819 9.83751
2100042423 0.0771 9.57905
2100042424 0.0729 9.32499
2100042501 0.0696 9.07516
2100042502 0.0663 8.82951
2100042503 0.0634 8.58803
2100042504 0.0608 8.35076
2100042505 0.0586 8.11777
2100042506 0.0566 7.88918
2100042507 0.0549 7.6651
2100042508 0.1027 7.44991
2100042509 0.052 7.24109
2100042510 0.1083 7.0424
2100042511 0.1951 6.86277
2100042512 0.0712 6.69463
2100042513 0.1306 6.53928
2100042514 0.2206 6.40449
2100042515 0.2926 6.29889
2100042516 0.3135 6.22637
2100042517 0.2866 6.18421
2100042518 0.2595 6.16683
2100042519 0.2355 6.16791
2100042520 0.2144 6.18149
2100042521 0.1957 6.20233
2100042522 0.1791 6.22607
2100042523 0.1645 6.24922
2100042524 0.1515 6.26906
2100042601 0.1357 6.2832
2100042602 0.1263 6.29008
2100042603 0.1178 6.28879
2100042604 0.1103 6.27883
2100042605 0.1035 6.26002
2100042606 0.0974 6.23242
2100042607 0.092 6.19628
2100042608 0.0871 6.15196
2100042609 0.0898 6.10054
2100042610 0.0847 6.0427
2100042611 0.2267 5.99154
2100042612 0.4142 5.96884
2100042613 0.5948 5.99806
2100042614 0.7358 6.09829
2100042615 0.8142 6.27971
2100042616 0.7667 6.53673
2100042617 0.7294 6.85768
2100042618 0.663 7.22632
2100042619 0.6034 7.62596
2100042620 0.5499 8.04132
2100042621 0.502 8.45926
2100042622 0.4588 8.86898
2100042623 0.4199 9.26184
2100042624 0.3849 9.6312
2100042701 0.3451 9.9714
2100042702 0.3179 10.2788
2100042703 0.2934 10.55123
2100042704 0.2711 10.7876
2100042705 0.251 10.98769
2100042706 0.2327 11.15188
2100042707 0.2161 11.28108
2100042708 0.201 11.37655
2100042709 0.1873 11.43982
2100042710 0.1747 11.47263
2100042711 0.193 11.47939
2100042712 0.1585 11.46095
2100042713 0.2305 11.42572
2100042714 0.2594 11.38124
2100042715 0.2904 11.33439
2100042716 0.2932 11.28876
2100042717 0.2871 11.2455
2100042718 0.2783 11.20431
2100042719 0.2291 11.16074
2100042720 0.2226 11.11251
2100042721 0.1039 11.04877
2100042722 0.1331 10.96837
2100042723 0.0926 10.86865
2100042724 0.0878 10.74959
2100042801 0.0807 10.61218
2100042802 0.0774 10.45822
2100042803 0.0744 10.28975
2100042804 0.0717 10.10891
2100042805 0.0692 9.91772
2100042806 0.067 9.71807
2100042807 0.1283 9.51718
2100042808 0.065 9.3134
2100042809 0.0725 9.10731
2100042810 0.082 8.90062
2100042811 0.0956 8.69582
2100042812 0.5495 8.53348
2100042813 0.121 8.39245
2100042814 0.1414 8.26375
2100042815 0.1596 8.1443
2100042816 0.1634 8.03265
2100042817 0.1521 7.9269
2100042818 0.1408 7.82502
2100042819 0.1308 7.72522
2100042820 0.1218 7.62597
2100042821 0.1139 7.52611
2100042822 0.1068 7.42477
2100042823 0.1005 7.32134
2100042824 0.0948 7.21545
2100042901 0.0902 7.10695
2100042902 0.0855 6.9958
2100042903 0.0813 6.88206
2100042904 0.0776 6.7659
2100042905 0.0742 6.64753
2100042906 0.0712 6.52721
2100042907 0.0684 6.40525
2100042908 0.066 6.28197
2100042909 0.0637 6.15769
2100042910 0.0617 6.03275
2100042911 0.0606 5.90754
2100042912 0.1099 5.7868
2100042913 0.2811 5.68739
2100042914 0.4421 5.62956
2100042915 0.5505 5.62904
2100042916 0.5284 5.68705
2100042917 0.5205 5.79919
2100042918 0.4771 5.95569
2100042919 0.4379 6.14525
2100042920 0.4027 6.35695
2100042921 0.3709 6.58107
2100042922 0.3421 6.80932
2100042923 0.3161 7.03489
2100042924 0.2925 7.25232
2100043001 0.2755 7.45773
2100043002 0.2551 7.64799
2100043003 0.2367 7.82071
2100043004 0.22 7.9742
2100043005 0.2048 8.10738
2100043006 0.1909 8.21968
2100043007 0.1784 8.31098
2100043008 0.1669 8.38148
2100043009 0.1573 8.43175
2100043010 0.201 8.46712
2100043011 0.3667 8.50526
2100043012 0.5562 8.5702
2100043013 0.7331 8.68607
2100043014 0.873 8.87201
2100043015 0.9204 9.13542
2100043016 0.9087 9.4726
2100043017 0.8716 9.87272
2100043018 0.799 10.31927
2100043019 0.7318 10.79467
2100043020 0.6712 11.2826
2100043021 0.6164 11.76894
2100043022 0.5668 12.242
2100043023 0.5219 12.69245
2100043024 0.4811 13.11308
2100050101 0.4543 13.49944
2100050102 0.4183 13.84793
2100050103 0.3857 14.15595
2100050104 0.3561 14.4219
2100050105 0.3293 14.6451
2100050106 0.305 14.82561
2100050107 0.2828 14.96415
2100050108 0.2627 15.06192
2100050109 0.2468 15.12075
2100050110 0.2663 15.14573
2100050111 0.3622 15.14976
2100050112 0.4974 15.1518
2100050113 0.6492 15.17366
2100050114 0.7792 15.23499
2100050115 0.8427 15.34725
2100050116 0.8357 15.5112
2100050117 0.8076 15.72074
2100050118 0.7442 15.96397
2100050119 0.681 16.22711
2100050120 0.6224 16.49686
2100050121 0.5697 16.76157
2100050122 0.5223 17.0116
2100050123 0.4797 17.23936
2100050124 0.4412 17.43916
2100050201 0.631 17.62623
2100050202 0.7993 17.82248
2100050203 0.5137 18.0121
2100050204 0.3299 18.17213
2100050205 0.304 18.29164
2100050206 0.2806 18.36622
2100050207 0.2594 18.39502
2100050208 0.252 18.38018
2100050209 0.3684 18.3358
2100050210 0.6031 18.29066
2100050211 0.7198 18.26803
2100050212 0.8679 18.2897
2100050213 1.0272 18.37609
2100050214 1.188 18.54559
2100050215 1.2907 18.80914
2100050216 1.329 19.1678
2100050217 1.2681 19.60928
2100050218 1.1719 20.11288
2100050219 1.0641 20.6544
2100050220 0.9654 21.21045
2100050221 0.877 21.76051
2100050222 0.8023 22.28797
2100050223 1.7425 22.8667
2100050224 1.6823 23.52005
2100050301 0.6824 24.1657
2100050302 3.6112 25.01774
2100050303 7.5477 26.49599
2100050304 5.5225 31.30979
2100050305 9.4026 71.26854
2100050306 5.2574 94.63891
2100050307 4.4909 106.39447
2100050308 5.508 115.99986
2100050309 2.5646 113.83781
2100050310 3.6628 111.44363
2100050311 2.7706 106.46902
2100050312 2.8606 101.65408
2100050313 1.9251 94.50304
2100050314 3.9483 94.42404
2100050315 6.9768 107.5946
2100050316 4.0111 114.28412
2100050317 2.0315 111.0538
2100050318 1.985 104.39502
2100050319 1.7349 96.51621
2100050320 1.5721 88.69147
2100050321 2.0499 83.56941
2100050322 2.2873 80.99732
2100050323 1.6826 77.71048
2100050324 1.5157 74.02235
2100050401 0.8544 68.40234
2100050402 0.8921 65.92306
2100050403 0.419 65.70842
2100050404 0.7271 65.3405
2100050405 0.3495 64.80777
2100050406 0.3306 64.11621
2100050407 0.3323 63.28143
2100050408 1.1427 62.39232
2100050409 0.3926 61.43042
2100050410 0.4822 60.40242
2100050411 0.653 59.3331
2100050412 0.7811 58.25009
2100050413 0.8559 57.17585
2100050414 0.9577 56.13118
2100050415 0.9569 55.12582
2100050416 0.9319 54.16156
2100050417 0.8364 53.23035
2100050418 0.7485 52.32078
2100050419 0.6694 51.42147
2100050420 0.6018 50.52279
2100050421 0.5426 49.6173
2100050422 0.4904 48.69971
2100050423 0.4446 47.76667
2100050424 0.4043 46.81639
2100050501 0.3824 45.84962
2100050502 0.3471 44.86703
2100050503 0.3159 43.86964
2100050504 0.2883 42.85888
2100050505 0.2637 41.83655
2100050506 0.2418 40.80476
2100050507 0.2222 39.76582
2100050508 0.2047 38.72221
2100050509 0.1988 37.67725
2100050510 0.2621 36.64043
2100050511 0.6061 35.64753
2100050512 0.9553 34.74407
2100050513 1.2498 33.97187
2100050514 1.3162 33.34818
2100050515 1.3545 32.87512
2100050516 1.3444 32.54332
2100050517 1.2756 32.33344
2100050518 1.1938 32.22158
2100050519 1.1099 32.18306
2100050520 0.9788 32.19032
2100050521 0.874 32.21863
2100050522 0.7839 32.24744
2100050523 0.7049 32.26055
2100050524 0.6381 32.24592
2100050601 0.6257 32.19901
2100050602 0.5571 32.11422
2100050603 0.4984 31.98682
2100050604 0.4476 31.81358
2100050605 0.4034 31.59282
2100050606 0.3647 31.32433
2100050607 0.3599 31.01155
2100050608 0.4835 30.67053
2100050609 0.7042 30.33034
2100050610 0.9551 30.02651
2100050611 1.2084 29.79511
2100050612 1.4343 29.66742
2100050613 1.6398 29.66833
2100050614 1.7397 29.8087
2100050615 1.709 30.08069
2100050616 1.6182 30.46304
2100050617 1.4814 30.9257
2100050618 1.3023 31.43289
2100050619 1.1565 31.95154
2100050620 1.0503 32.45549
2100050621 0.9467 32.92382
2100050622 0.8615 33.34113
2100050623 0.7834 33.69633
2100050624 0.7269 33.98304
2100050701 0.7721 34.20644
2100050702 0.6689 34.3639
2100050703 0.6026 34.45277
2100050704 0.5335 34.47054
2100050705 0.4519 34.41395
2100050706 0.4492 34.28667
2100050707 0.5759 34.10654
2100050708 0.7787 33.90325
2100050709 1.008 33.71211
2100050710 1.3109 33.57482
2100050711 1.6311 33.53441
2100050712 1.8532 33.62281
2100050713 2.0154 33.85923
2100050714 2.0395 34.24351
2100050715 1.8927 34.75163
2100050716 1.8304 35.35749
2100050717 1.7479 36.03386
2100050718 1.5728 36.7468
2100050719 1.39 37.46095
2100050720 1.1885 38.14118
2100050721 1.0428 38.75983
2100050722 0.9182 39.29649
2100050723 0.7985 39.73613
2100050724 0.7039 40.06959
2100050801 0.668 40.29628
2100050802 0.6064 40.41763
2100050803 0.5449 40.43608
2100050804 0.498 40.3559
2100050805 0.4766 40.18427
2100050806 0.5185 39.93491
2100050807 0.6423 39.6307
2100050808 0.7692 39.29756
2100050809 0.764 38.94954
2100050810 0.8714 38.60415
2100050811 0.9129 38.27349
2100050812 2.9316 38.13677
2100050813 1.8845 38.17165
2100050814 2.9366 38.44656
2100050815 1.9318 38.88842
2100050816 1.0444 39.3749
2100050817 0.9445 39.83767
2100050818 0.8651 40.23951
2100050819 0.7777 40.55937
2100050820 0.6995 40.78597
2100050821 0.6211 40.91349
2100050822 0.5295 40.93805
2100050823 0.4578 40.85888
2100050824 0.3996 40.67809
2100050901 0.373 40.40192
2100050902 0.3241 40.03629
2100050903 0.2844 39.58762
2100050904 0.2512 39.06281
2100050905 0.2232 38.46915
2100050906 0.1995 37.81411
2100050907 0.2099 37.1078
2100050908 0.4602 36.3816
2100050909 0.8271 35.68444
2100050910 1.2326 35.07301
2100050911 1.4084 34.58355
2100050912 1.5176 34.23448
2100050913 1.8996 34.05799
2100050914 2 34.06563
2100050915 1.9962 34.24936
2100050916 1.8712 34.58195
2100050917 1.675 35.02295
2100050918 1.5196 35.53197
2100050919 1.2341 36.06017
2100050920 1.0424 36.56631
2100050921 0.9121 37.02084
2100050922 0.7762 37.40124
2100050923 0.665 37.69203
2100050924 0.5796 37.88446
2100051001 0.5573 37.97911
2100051002 0.4786 37.9761
2100051003 0.4142 37.87682
2100051004 0.3608 37.68427
2100051005 0.3163 37.40297
2100051006 0.2789 37.03865
2100051007 0.2832 36.60094
2100051008 0.5696 36.12506
2100051009 1.0587 35.67289
2100051010 1.5264 35.31218
2100051011 1.9007 35.10029
2100051012 2.1962 35.07875
2100051013 2.2184 35.25496
2100051014 2.2516 35.62083
2100051015 2.0982 36.14533
2100051016 1.9765 36.79153
2100051017 1.8783 37.5242
2100051018 1.6423 38.29926
2100051019 1.3582 39.06746
2100051020 1.0773 39.78099
2100051021 0.9684 40.41098
2100051022 0.8063 40.93478
2100051023 0.6761 41.33715
2100051024 0.6237 41.61425
2100051101 0.7012 41.7792
2100051102 0.5971 41.83645
2100051103 0.5363 41.79022
2100051104 0.4471 41.64212
2100051105 0.7091 41.42292
2100051106 1.0161 41.17858
2100051107 1.3184 40.95825
2100051108 1.4973 40.79851
2100051109 1.6424 40.72452
2100051110 1.8254 40.75762
2100051111 2.2409 40.93569
2100051112 2.346 41.27435
2100051113 2.4277 41.77568
2100051114 2.435 42.42863
2100051115 2.3646 43.21001
2100051116 2.4588 44.10656
2100051117 2.1572 45.07614
2100051118 1.9572 46.07502
2100051119 1.6948 47.0564
2100051120 1.857 48.012
2100051121 1.7159 48.92553
2100051122 1.8022 49.79783
2100051123 1.8197 50.63171
2100051124 1.9023 51.57198
2100051201 2.5737 55.20391
2100051202 2.2965 58.39087
2100051203 2.8629 63.02728
2100051204 2.6329 66.94725
2100051205 1.5614 66.53018
2100051206 2.4031 67.44917
2100051207 4.756 76.89032
2100051208 4.6266 88.10114
2100051209 4.4584 98.14201
2100051210 4.5825 107.03805
2100051211 7.0837 123.07831
2100051212 6.0259 136.43791
2100051213 9.6724 159.75648
2100051214 8.8852 181.56319
2100051215 9.6591 202.98843
2100051216 10.8219 225.87698
2100051217 10.4606 245.58223
2100051218 12.5619 269.14618
2100051219 8.4034 277.44098
2100051220 5.3441 268.72742
2100051221 6.2775 258.04633
2100051222 6.0574 247.45645
2100051223 4.9767 234.75398
2100051224 0.8978 209.05453
2100051301 1.4 183.35477
2100051302 1.7754 162.16966
2100051303 0.92 142.42088
2100051304 0.5525 124.36323
2100051305 0.7527 109.78688
2100051306 0.9472 98.90359
2100051307 1.1372 95.13525
2100051308 1.5785 93.54076
2100051309 1.6275 91.98054
2100051310 1.8336 90.49047
2100051311 1.3757 89.04594
2100051312 2.2883 87.71453
2100051313 1.5012 86.45422
2100051314 2.7689 85.3531
2100051315 1.7601 84.35555
2100051316 1.6197 83.4193
2100051317 1.567 82.51851
2100051318 0.9214 81.58542
2100051319 0.5717 80.56361
2100051320 0.4988 79.42983
2100051321 2.4527 78.35239
2100051322 0.4925 77.2372
2100051323 3.792 76.33119
2100051324 1.6645 75.55035
2100051401 0.5931 74.75731
2100051402 0.4953 73.88403
2100051403 0.469 72.90511
2100051404 0.3701 71.81013
2100051405 0.3692 70.60505
2100051406 0.5722 69.32053
2100051407 0.5401 67.97628
2100051408 0.7127 66.60342
2100051409 1.1703 65.26067
2100051410 1.2019 63.97836
2100051411 1.6702 62.80931
2100051412 3.05 61.89114
2100051413 2.4912 61.22257
2100051414 1.6386 60.71357
2100051415 1.2572 60.28043
2100051416 1.1455 59.87125
2100051417 0.9648 59.44622
2100051418 3.8919 59.24158
2100051419 3.4906 59.31489
2100051420 1.5751 59.50744
2100051421 0.4881 59.64482
2100051422 0.6291 59.66367
2100051423 0.4588 59.52887
2100051424 0.512 59.2402
2100051501 0.331 58.79343
2100051502 2.3411 58.372
2100051503 1.2164 57.96134
2100051504 0.1794 57.46568
2100051505 0.1313 56.84458
2100051506 0.4215 56.11497
2100051507 0.7882 55.32541
2100051508 1.1311 54.53353
2100051509 1.3773 53.78864
2100051510 2.0864 53.17265
2100051511 2.692 52.76722
2100051512 2.835 52.60786
2100051513 2.9412 52.70288
2100051514 2.0469 52.96093
2100051515 2.0887 53.33212
2100051516 1.853 53.76475
2100051517 1.7077 54.21752
2100051518 0.9041 54.60002
2100051519 0.6008 54.84916
2100051520 0.376 54.92578
2100051521 0.2615 54.81418
2100051522 0.2141 54.51666
2100051523 0.179 54.04497
2100051524 0.1523 53.41545
2100051601 0.14 52.64703
2100051602 0.1192 51.75798
2100051603 0.1034 50.76579
2100051604 0.0912 49.68687
2100051605 0.0815 48.5364
2100051606 0.0751 47.3284
2100051607 0.0914 46.07748
2100051608 0.7588 44.85369
2100051609 1.7975 43.77918
2100051610 2.3114 42.94566
2100051611 2.7288 42.41562
2100051612 2.8829 42.21064
2100051613 2.6639 42.29921
2100051614 1.9485 42.58462
2100051615 1.5765 42.97648
2100051616 1.4196 43.4119
2100051617 1.4033 43.85691
2100051618 0.6787 44.23196
2100051619 0.467 44.4868
2100051620 0.238 44.58677
2100051621 0.1915 44.5228
2100051622 0.1586 44.29959
2100051623 0.1342 43.9289
2100051624 0.1156 43.42564
2100051701 0.107 42.80632
2100051702 0.1035 42.08772
2100051703 0.0811 41.28413
2100051704 0.0838 40.4101
2100051705 0.0657 39.47763
2100051706 0.0716 38.49895
2100051707 0.0581 37.48393
2100051708 0.1843 36.45283
2100051709 1.7196 35.55066
2100051710 2.5115 34.90441
2100051711 2.8084 34.58076
2100051712 3.0153 34.60586
2100051713 3.0335 34.96857
2100051714 2.7276 35.61293
2100051715 2.4073 36.46471
2100051716 1.7757 37.41928
2100051717 1.4297 38.38997
2100051718 0.7874 39.27877
2100051719 0.5257 40.02239
2100051720 0.2486 40.57674
2100051721 0.2232 40.93165
2100051722 0.1842 41.09235
2100051723 0.1552 41.07196
2100051724 0.1176 40.88597
2100051801 0.1085 40.55266
2100051802 0.0916 40.09
2100051803 0.0792 39.51521
2100051804 0.0698 38.84451
2100051805 0.0626 38.09288
2100051806 0.057 37.2741
2100051807 0.1626 36.4101
2100051808 1.1151 35.59809
2100051809 2.0132 34.95774
2100051810 2.4866 34.57353
2100051811 2.862 34.499
2100051812 3.1088 34.75811
2100051813 2.0079 35.24281
2100051814 1.8363 35.87238
2100051815 1.5672 36.57541
2100051816 0.914 37.25643
2100051817 1.2663 37.90253
2100051818 0.7417 38.46358
2100051819 0.4151 38.89339
2100051820 0.2968 39.16906
2100051821 0.1946 39.28158
2100051822 0.1981 39.23838
2100051823 0.1331 39.04826
2100051824 0.0862 38.72191
2100051901 0.0798 38.27397
2100051902 0.1177 37.72391
2100051903 0.0575 37.08381
2100051904 0.1282 36.37305
2100051905 0.0464 35.59996
2100051906 0.1075 34.77978
2100051907 0.1293 33.92647
2100051908 0.904 33.11744
2100051909 1.7997 32.46371
2100051910 2.2934 32.04877
2100051911 2.5409 31.91599
2100051912 2.5086 32.0627
2100051913 2.3422 32.45342
2100051914 1.8279 33.00968
2100051915 1.5904 33.66254
2100051916 0.9013 34.31308
2100051917 0.6052 34.88958
2100051918 0.2255 35.3307
2100051919 0.2117 35.61591
2100051920 0.1485 35.74075
2100051921 0.0898 35.70914
2100051922 0.0901 35.53391
2100051923 0.072 35.22984
2100051924 0.0991 34.81568
2100052001 0.052 34.3046
2100052002 0.0994 33.71464
2100052003 0.0412 33.05584
2100052004 0.0391 32.33895
2100052005 0.1027 31.58007
2100052006 0.2242 30.80166
2100052007 0.4859 30.03963
2100052008 1.2356 29.37549
2100052009 1.4595 28.86012
2100052010 1.8698 28.54269
2100052011 2.1975 28.46058
2100052012 2.1504 28.61032
2100052013 2.9341 29.04124
2100052014 2.4037 29.70926
2100052015 2.5372 30.58769
2100052016 2.34 31.63064
2100052017 1.6083 32.74026
2100052018 0.9738 33.81031
2100052019 0.6929 34.76869
2100052020 0.2924 35.55384
2100052021 0.4523 36.16199
2100052022 0.3232 36.59133
2100052023 0.3072 36.85122
2100052024 0.0577 36.93569
2100052101 0.13 36.86042
2100052102 0.1653 36.64692
2100052103 0.0973 36.30931
2100052104 0.0864 35.86254
2100052105 0.0894 35.32234
2100052106 0.3059 34.72232
2100052107 0.7381 34.12054
2100052108 1.1177 33.57755
2100052109 1.2729 33.13131
2100052110 1.9357 32.85036
2100052111 2.1448 32.77285
2100052112 2.2225 32.90865
2100052113 1.7753 33.20839
2100052114 1.4164 33.60658
2100052115 1.1796 34.04527
2100052116 1.0702 34.48492
2100052117 0.7696 34.88059
2100052118 0.4292 35.18479
2100052119 0.3775 35.37722
2100052120 0.3684 35.45532
2100052121 0.2844 35.41853
2100052122 0.3185 35.27771
2100052123 0.3056 35.04426
2100052124 0.3133 34.7311
2100052201 0.2037 34.34095
2100052202 0.2437 33.8848
2100052203 0.2838 33.37678
2100052204 0.2108 32.82182
2100052205 0.2676 32.23164
2100052206 0.3772 31.62483
2100052207 0.4557 31.01915
2100052208 0.5882 30.43541
2100052209 0.6647 29.88942
2100052210 0.6275 29.38377
2100052211 0.9498 28.94575
2100052212 0.9631 28.58512
2100052213 0.5953 28.27003
2100052214 1.6134 28.0713
2100052215 0.9525 27.95635
2100052216 0.4428 27.8609
2100052217 0.3361 27.74545
2100052218 0.3156 27.59201
2100052219 0.2872 27.393
2100052220 0.2465 27.14512
2100052221 1.2665 26.93881
2100052222 0.2898 26.72843
2100052223 0.2645 26.4919
2100052224 0.2722 26.22225
2100052301 0.0784 25.90258
2100052302 0.2061 25.54048
2100052303 0.1679 25.13991
2100052304 0.0371 24.69504
2100052305 0.1245 24.21489
2100052306 0.177 23.71167
2100052307 0.4637 23.21839
2100052308 0.6239 22.76428
2100052309 0.8695 22.38204
2100052310 0.6197 22.06081
2100052311 0.4428 21.77689
2100052312 0.5017 21.52264
2100052313 0.3918 21.28362
2100052314 0.4469 21.05754
2100052315 0.332 20.83307
2100052316 0.4815 20.61834
2100052317 0.4004 20.40989
2100052318 0.2651 20.19451
2100052319 0.1525 19.95752
2100052320 0.1053 19.69024
2100052321 0.0644 19.38797
2100052322 0.1286 19.05726
2100052323 0.1284 18.70384
2100052324 0.0984 18.33012
2100052401 0.0885 17.93864
2100052402 0.0912 17.53294
2100052403 0.1002 17.11732
2100052404 0.0613 16.69206
2100052405 0.1026 16.26249
2100052406 1.192 15.92621
2100052407 0.2862 15.64362
2100052408 1.2831 15.47958
2100052409 0.3046 15.37121
2100052410 0.3877 15.2935
2100052411 0.6769 15.25808
2100052412 0.6082 15.2614
2100052413 0.5436 15.29356
2100052414 0.611 15.35378
2100052415 0.3051 15.41324
2100052416 5.1961 15.88025
2100052417 1.2509 16.57024
2100052418 0.182 17.29016
2100052419 0.1006 17.94172
2100052420 0.1344 18.48659
2100052421 0.0909 18.90985
2100052422 0.1852 19.22044
2100052423 0.1472 19.42634
2100052424 0.1582 19.53897
2100052501 0.0197 19.55787
2100052502 0.0103 19.48858
2100052503 0.009 19.33982
2100052504 0.0086 19.12147
2100052505 0.0081 18.84333
2100052506 0.0127 18.51509
2100052507 0.105 18.15339
2100052508 0.3812 17.79274
2100052509 0.5832 17.46696
2100052510 0.6487 17.19534
2100052511 0.5355 16.97367
2100052512 0.717 16.81272
2100052513 0.6884 16.71098
2100052514 0.6039 16.65659
2100052515 0.4934 16.63143
2100052516 0.4398 16.62069
2100052517 0.317 16.60607
2100052518 0.2006 16.56957
2100052519 0.0532 16.49194
2100052520 0.0509 16.36732
2100052521 0.0785 16.19902
2100052522 0.045 15.98913
2100052523 0.0703 15.74416
2100052524 0.0843 15.47131
2100052601 0.041 15.1727
2100052602 0.0495 14.85253
2100052603 0.0663 14.5164
2100052604 0.0716 14.16921
2100052605 0.0599 13.81374
2100052606 0.1049 13.45656
2100052607 0.2033 13.11004
2100052608 0.2522 12.78409
2100052609 0.3399 12.49004
2100052610 0.2657 12.22508
2100052611 0.3628 11.99488
2100052612 0.3275 11.79706
2100052613 0.2569 11.62264
2100052614 0.2537 11.46603
2100052615 0.1045 11.31096
2100052616 0.2494 11.16277
2100052617 0.2443 11.02333
2100052618 0.1475 10.88483
2100052619 0.1122 10.74096
2100052620 0.0947 10.58805
2100052621 0.1557 10.43069
2100052622 0.1248 10.26897
2100052623 0.1011 10.10157
2100052624 0.1257 9.9308
2100052701 0.0455 9.75143
2100052702 0.0428 9.56187
2100052703 0.0261 9.36111
2100052704 0.0249 9.14986
2100052705 0.024 8.92957
2100052706 0.0564 8.70484
2100052707 0.1287 8.48483
2100052708 0.1872 8.27889
2100052709 0.2795 8.09871
2100052710 0.3072 7.95059
2100052711 0.2568 7.83113
2100052712 0.2485 7.73633
2100052713 0.2482 7.66285
2100052714 0.2031 7.60396
2100052715 0.1811 7.55381
2100052716 0.1045 7.50267
2100052717 0.0567 7.44219
2100052718 0.039 7.36785
2100052719 0.0266 7.27769
2100052720 0.0306 7.17248
2100052721 0.0266 7.05352
2100052722 0.0234 6.92237
2100052723 0.0675 6.78469
2100052724 0.0284 6.64047
2100052801 0.02 6.48977
2100052802 0.0146 6.33294
2100052803 0.011 6.17063
2100052804 0.0087 6.00371
2100052805 0.0061 5.83305
2100052806 2.0126 5.8326
2100052807 2.0092 6.06898
2100052808 4.0098 6.72759
2100052809 5.0261 7.94888
2100052810 5.0573 9.75686
2100052811 2.0639 11.85906
2100052812 2.063 14.0973
2100052813 3.0617 16.4712
2100052814 2.0747 18.88051
2100052815 1.065 21.18473
2100052816 1.0868 23.32407
2100052817 1.0876 25.27814
2100052818 0.0477 26.95657
2100052819 0.0477 28.33387
2100052820 2.0238 29.58674
2100052821 1.0073 30.71351
2100052822 1.0179 31.7206
2100052823 0.004 32.52961
2100052824 0.0021 33.11687
2100052901 0.0012 33.48581
2100052902 1.0009 33.73861
2100052903 0.0007 33.84294
2100052904 1.0006 33.88053
2100052905 0.0006 33.80684
2100052906 1.0014 33.69591
2100052907 0.0056 33.49836
2100052908 0.0121 33.19891
2100052909 0.0259 32.79969
2100052910 0.047 32.31138
2100052911 0.0551 31.74694
2100052912 0.0561 31.11896
2100052913 0.0555 30.43903
2100052914 0.0524 29.71736
2100052915 0.0422 28.96228
2100052916 0.0328 28.18087
2100052917 0.0273 27.37952
2100052918 0.0064 26.56259
2100052919 0.0034 25.73475
2100052920 0.0012 24.90066
2100052921 0.0007 24.06471
2100052922 0.0022 23.23112
2100052923 0.0007 22.40342
2100052924 0.0008 21.58473
2100053001 0.0003 20.77768
2100053002 0.0003 19.98452
2100053003 0.0003 19.20711
2100053004 0.0003 18.44701
2100053005 0.0003 17.70546
2100053006 0.0003 16.98344
2100053007 0.0024 16.28188
2100053008 0.008 15.60185
2100053009 0.0165 14.94465
2100053010 0.0206 14.31114
2100053011 0.021 13.70153
2100053012 3.0205 13.37414
2100053013 0.0221 13.16862
2100053014 0.0203 13.00404
2100053015 0.0162 12.84086
2100053016 0.009 12.66083
2100053017 0.0091 12.45728
2100053018 0.0005 12.22857
2100053019 0.0003 11.97623
2100053020 0.0003 11.7032
2100053021 0.0003 11.41291
2100053022 0.0003 11.10878
2100053023 0.0003 10.79404
2100053024 0.0003 10.47164
2100053101 0.0003 10.1442
2100053102 0.0003 9.814
2100053103 0.0003 9.48306
2100053104 0.0003 9.1531
2100053105 0.0003 8.82558
2100053106 0.0003 8.50178
2100053107 0.0003 8.18274
2100053108 0.0003 7.86936
2100053109 0.0059 7.56283
2100053110 0.0133 7.26459
2100053111 0.0191 6.97587
2100053112 0.022 6.69749
2100053113 0.0147 6.42912
2100053114 0.0129 6.17035
2100053115 0.01 5.9207
2100053116 0.0088 5.67976
2100053117 0.006 5.44706
2100053118 0.0059 5.22233
2100053119 0.0026 5.00514
2100053120 0.0021 4.79522
2100053121 0.003 4.59248
2100053122 0.0013 4.39673
2100053123 0.0014 4.20783
2100053124 0.0024 4.02577
