2010030101 0.0417 4.45
2010030102 0.0692 4.45
2010030103 0.0417 4.14
2010030104 0.0692 4.14
2010030105 0.0417 4.14
2010030106 0.0692 0.98
2010030107 0.0417 2.53
2010030108 0.0692 3.53
2010030109 0.0417 2.03
2010030110 0.0692 4.34
2010030111 0.0417 1.36
2010030112 0.0692 1.36
2010030113 0.0417 6.39
2010030114 0.0692 6.39
2010030115 0.0417 4.76
2010030116 0.0692 4.07
2010030117 0.0417 2.81
2010030118 0.0611 4.71
2010030119 0.0417 4.56
2010030120 0.0692 4.78
2010030121 0.0417 0.00
2010030122 0.0692 2.44
2010030123 0.0417 2.08
2010030124 0.0692 2.50
2010030201 0.0417 1.76
2010030202 0.0613 2.28
2010030203 0.0417 2.38
2010030204 0.0613 2.30
2010030205 0.0417 2.21
2010030206 0.0613 2.01
2010030207 0.0417 2.65
2010030208 0.0613 2.01
2010030209 0.0417 2.30
2010030210 0.0613 3.12
2010030211 0.0417 2.94
2010030212 0.0613 1.04
2010030213 0.0417 2.53
2010030214 0.0613 2.40
2010030215 0.0417 3.60
2010030216 0.0613 3.39
2010030217 0.0417 3.06
2010030218 0.0613 2.90
2010030219 0.0417 2.65
2010030220 0.0613 3.48
2010030221 0.0417 3.46
2010030222 0.0613 0.28
2010030223 0.0417 0.96
2010030224 0.0613 3.66
2010030301 0.0417 2.60
2010030302 0.0536 4.04
2010030303 0.0417 1.55
2010030304 0.0536 3.29
2010030305 0.0417 2.63
2010030306 0.0536 3.56
2010030307 0.0417 3.59
2010030308 0.0536 3.34
2010030309 0.0417 2.63
2010030310 0.0536 3.68
2010030311 0.0417 0.33
2010030312 0.0536 1.41
2010030313 0.0417 2.25
2010030314 0.0536 1.29
2010030315 0.0417 1.69
2010030316 0.0536 4.68
2010030317 0.0417 1.22
2010030318 0.0536 1.22
2010030319 0.0417 1.22
2010030320 0.0536 3.92
2010030321 0.0417 3.61
2010030322 0.0536 1.87
2010030323 0.0417 1.39
2010030324 0.0536 2.06
2010030401 0.0417 2.38
2010030402 0.0417 2.61
2010030403 0.0417 2.60
2010030404 0.0417 2.48
2010030405 0.0417 2.49
2010030406 0.0417 2.50
2010030407 0.0417 2.50
2010030408 0.0417 0.00
2010030409 0.0417 3.15
2010030410 0.0417 1.21
2010030411 0.0417 1.27
2010030412 0.0417 2.18
2010030413 0.0417 1.96
2010030414 0.0417 2.43
2010030415 0.0417 2.65
2010030416 0.0417 2.46
2010030417 0.0417 2.46
2010030418 0.0417 2.82
2010030419 0.0417 3.44
2010030420 0.0417 3.44
2010030421 0.0417 3.44
2010030422 0.0417 2.37
2010030423 0.0417 2.06
2010030424 0.0417 2.06
2010030501 0.0417 2.53
2010030502 0.0417 2.34
2010030503 0.0417 3.77
2010030504 0.0417 2.89
2010030505 0.0417 3.58
2010030506 0.0417 1.32
2010030507 0.0417 1.05
2010030508 0.0417 2.27
2010030509 0.0417 1.98
2010030510 0.0417 2.60
2010030511 0.0417 2.72
2010030512 0.0417 2.72
2010030513 0.0417 2.49
2010030514 0.0417 2.53
2010030515 0.0417 2.53
2010030516 0.0417 2.44
2010030517 0.0417 2.46
2010030518 0.0417 2.98
2010030519 0.0417 3.59
2010030520 0.0417 0.00
2010030521 0.0417 1.51
2010030522 0.0417 2.08
2010030523 0.0417 2.55
2010030524 0.0417 2.68
2010030601 0.0417 2.68
2010030602 0.0417 2.43
2010030603 0.0417 2.48
2010030604 0.0417 1.03
2010030605 0.0417 1.03
2010030606 0.0417 1.36
2010030607 0.0417 2.36
2010030608 0.0417 2.08
2010030609 0.0417 2.20
2010030610 0.0417 2.43
2010030611 0.0417 1.89
2010030612 0.0417 2.05
2010030613 0.0417 2.34
2010030614 0.0417 2.08
2010030615 0.0417 2.44
2010030616 0.0417 2.41
2010030617 0.0417 2.44
2010030618 0.0417 2.92
2010030619 0.0417 2.01
2010030620 0.0417 0.95
2010030621 0.0417 0.83
2010030622 0.0417 1.61
2010030623 0.0417 2.14
2010030624 0.0417 2.25
2010030701 0.0417 2.43
2010030702 0.0417 2.34
2010030703 0.0417 2.34
2010030704 0.0417 1.47
2010030705 0.0417 2.20
2010030706 0.0417 1.80
2010030707 0.0417 2.18
2010030708 0.0417 2.00
2010030709 0.0417 2.32
2010030710 0.0417 2.29
2010030711 0.0417 2.19
2010030712 0.0417 1.35
2010030713 0.0417 1.11
2010030714 0.0417 2.14
2010030715 0.0417 1.78
2010030716 0.0417 2.14
2010030717 0.0417 2.05
2010030718 0.0417 2.05
2010030719 0.0417 2.64
2010030720 0.0417 0.00
2010030721 0.0417 1.97
2010030722 0.0417 1.70
2010030723 0.0417 2.05
2010030724 0.0417 2.35
2010030801 0.0417 1.80
2010030802 0.0417 1.80
2010030803 0.0417 2.23
2010030804 0.0417 1.30
2010030805 0.0417 2.15
2010030806 0.0417 1.95
2010030807 0.0417 3.62
2010030808 0.0417 0.07
2010030809 0.0417 0.90
2010030810 0.0417 1.54
2010030811 0.0417 1.54
2010030812 0.0417 2.29
2010030813 0.0417 2.23
2010030814 0.0417 2.23
2010030815 0.0417 2.32
2010030816 0.0417 2.32
2010030817 0.0417 2.41
2010030818 0.0417 2.55
2010030819 0.0417 1.83
2010030820 0.0417 1.03
2010030821 0.0417 1.83
2010030822 0.0417 1.52
2010030823 0.0417 1.90
2010030824 0.0417 3.01
2010030901 0.0417 2.23
2010030902 0.0417 2.17
2010030903 0.0417 2.60
2010030904 0.0417 0.66
2010030905 0.0417 0.95
2010030906 0.0417 2.19
2010030907 0.0417 1.81
2010030908 0.0417 2.19
2010030909 0.0417 1.25
2010030910 0.0417 3.12
2010030911 0.0417 1.22
2010030912 0.0417 1.32
2010030913 0.0417 1.91
2010030914 0.0417 2.30
2010030915 0.0417 2.52
2010030916 0.0417 2.44
2010030917 0.0417 2.31
2010030918 0.0417 1.79
2010030919 0.0417 2.16
2010030920 0.0417 1.49
2010030921 0.0417 2.12
2010030922 0.0417 1.70
2010030923 0.0417 2.13
2010030924 0.0417 2.67
2010031001 0.0417 2.67
2010031002 0.0417 3.39
2010031003 0.0417 2.43
2010031004 0.0417 3.15
2010031005 0.0417 2.77
2010031006 0.0417 2.45
2010031007 0.0417 0.82
2010031008 0.0417 1.80
2010031009 0.0417 2.10
2010031010 0.0417 2.09
2010031011 0.0417 2.21
2010031012 0.0417 2.25
2010031013 0.0417 2.15
2010031014 0.0417 3.31
2010031015 0.0417 1.39
2010031016 0.0417 1.01
2010031017 0.0417 1.78
2010031018 0.0417 2.06
2010031019 0.0417 3.29
2010031020 0.0417 0.00
2010031021 0.0417 1.49
2010031022 0.0417 1.56
2010031023 0.0417 2.28
2010031024 0.0417 3.77
2010031101 0.0414 0.74
2010031102 0.0414 2.48
2010031103 0.0414 3.21
2010031104 0.0414 1.39
2010031105 0.0414 1.91
2010031106 0.0414 1.91
2010031107 0.0414 2.12
2010031108 0.0414 2.26
2010031109 0.0414 2.89
2010031110 0.0414 1.26
2010031111 0.0414 2.66
2010031112 0.0414 0.00
2010031113 0.0414 1.20
2010031114 0.0414 1.80
2010031115 0.0414 2.20
2010031116 0.0414 2.46
2010031117 0.0414 2.45
2010031118 0.0414 2.54
2010031119 0.0414 0.96
2010031120 0.0414 0.88
2010031121 0.0414 1.23
2010031122 0.0414 2.07
2010031123 0.0414 1.50
2010031124 0.0414 1.33
2010031201 0.0417 1.65
2010031202 0.0417 2.39
2010031203 0.0417 1.66
2010031204 0.0417 2.53
2010031205 0.0417 3.24
2010031206 0.0417 3.24
2010031207 0.0417 0.99
2010031208 0.0417 1.62
2010031209 0.0417 2.50
2010031210 0.0417 0.16
2010031211 0.0417 1.64
2010031212 0.0417 3.42
2010031213 0.0417 1.65
2010031214 0.0417 1.62
2010031215 0.0417 1.46
2010031216 0.0417 2.03
2010031217 0.0417 2.32
2010031218 0.0417 2.60
2010031219 0.0417 1.39
2010031220 0.0417 3.07
2010031221 0.0417 2.07
2010031222 0.0417 2.03
2010031223 0.0417 2.04
2010031224 0.0417 2.31
2010031301 0.0417 2.38
2010031302 0.0417 3.01
2010031303 0.0417 5.15
2010031304 0.0417 3.15
2010031305 0.0417 2.99
2010031306 0.0417 3.04
2010031307 0.0417 2.81
2010031308 0.0417 2.66
2010031309 0.0417 2.66
2010031310 0.0417 2.66
2010031311 0.0417 2.66
2010031312 0.0417 2.66
2010031313 0.0417 2.66
2010031314 0.0417 0.00
2010031315 0.0417 4.54
2010031316 0.0417 3.68
2010031317 0.0417 3.02
2010031318 0.0417 2.61
2010031319 0.0417 1.86
2010031320 0.0417 2.66
2010031321 0.0417 0.10
2010031322 0.0417 1.84
2010031323 0.0417 2.54
2010031324 0.0417 2.59
2010031401 0.0417 2.28
2010031402 0.0417 3.16
2010031403 0.0417 2.88
2010031404 0.0417 2.34
2010031405 0.0417 2.31
2010031406 0.0417 2.23
2010031407 0.0417 2.42
2010031408 0.0417 2.04
2010031409 0.0417 2.09
2010031410 0.0417 1.43
2010031411 0.0417 1.04
2010031412 0.0417 3.18
2010031413 0.0417 2.84
2010031414 0.0417 2.59
2010031415 0.0417 1.72
2010031416 0.0417 2.08
2010031417 0.0417 2.30
2010031418 0.0417 2.85
2010031419 0.0417 0.37
2010031420 0.0417 1.34
2010031421 0.0417 1.96
2010031422 0.0417 1.68
2010031423 0.0417 2.18
2010031424 0.0417 2.29
2010031501 0.0417 2.15
2010031502 0.0417 2.42
2010031503 0.0417 2.71
2010031504 0.0417 2.37
2010031505 0.0417 1.92
2010031506 0.0417 2.22
2010031507 0.0417 2.08
2010031508 0.0417 2.19
2010031509 0.0417 2.29
2010031510 0.0417 1.55
2010031511 0.0417 2.05
2010031512 0.0417 2.33
2010031513 0.0417 1.99
2010031514 0.0417 3.26
2010031515 0.0417 3.26
2010031516 0.0417 1.77
2010031517 0.0417 1.02
2010031518 0.0417 2.48
2010031519 0.0417 3.23
2010031520 0.0417 0.00
2010031521 0.0417 1.94
2010031522 0.0417 2.09
2010031523 0.0417 3.15
2010031524 0.0417 2.59
2010031601 0.0417 0.78
2010031602 0.0417 4.03
2010031603 0.0417 0.78
2010031604 0.2079 2.23
2010031605 0.0417 3.30
2010031606 0.0417 2.55
2010031607 0.3832 3.30
2010031608 0.1107 3.60
2010031609 0.0417 3.00
2010031610 0.0417 3.28
2010031611 0.0417 3.23
2010031612 0.0417 3.48
2010031613 0.0417 3.70
2010031614 0.0417 4.20
2010031615 0.0417 3.05
2010031616 0.0417 3.21
2010031617 0.0417 4.18
2010031618 0.0417 4.16
2010031619 0.0417 1.03
2010031620 0.0417 3.06
2010031621 0.0417 3.70
2010031622 0.0417 3.47
2010031623 0.0417 3.55
2010031624 0.0417 3.42
2010031701 0.0417 1.97
2010031702 0.0417 1.97
2010031703 0.0417 1.18
2010031704 0.0417 3.42
2010031705 0.0417 4.11
2010031706 0.0417 2.50
2010031707 0.0417 2.17
2010031708 0.0417 2.49
2010031709 0.0417 2.80
2010031710 0.0417 2.85
2010031711 0.0417 2.85
2010031712 0.0417 2.85
2010031713 0.0417 3.10
2010031714 0.0417 2.80
2010031715 0.0417 2.75
2010031716 0.0417 2.67
2010031717 0.0417 3.16
2010031718 0.0417 2.67
2010031719 0.0417 1.68
2010031720 0.0417 2.30
2010031721 0.0417 1.89
2010031722 0.0417 2.31
2010031723 0.0417 2.45
2010031724 0.0417 2.42
2010031801 0.0417 3.10
2010031802 0.0417 3.31
2010031803 0.0417 4.54
2010031804 0.0417 1.52
2010031805 0.0417 1.32
2010031806 0.0417 1.99
2010031807 0.0417 2.43
2010031808 0.0417 2.84
2010031809 0.0417 2.84
2010031810 0.0417 2.68
2010031811 0.0417 2.74
2010031812 0.0417 2.82
2010031813 0.0417 2.46
2010031814 0.0417 3.78
2010031815 0.0417 0.91
2010031816 0.0417 1.53
2010031817 0.0417 1.97
2010031818 0.0417 2.87
2010031819 0.0417 1.42
2010031820 0.0417 0.96
2010031821 0.0417 1.74
2010031822 0.0417 2.23
2010031823 0.0417 2.12
2010031824 0.0417 2.98
2010031901 0.0417 1.20
2010031902 0.0417 2.91
2010031903 0.0417 1.02
2010031904 0.0417 1.80
2010031905 0.0417 1.44
2010031906 0.0417 1.67
2010031907 0.0417 2.47
2010031908 0.0417 2.34
2010031909 0.0417 2.57
2010031910 0.0417 2.50
2010031911 0.0417 1.78
2010031912 0.0417 1.80
2010031913 0.0417 2.28
2010031914 0.0417 1.64
2010031915 0.0417 1.64
2010031916 0.0417 2.41
2010031917 0.0417 2.51
2010031918 0.0417 2.34
2010031919 0.0417 2.88
2010031920 0.0417 0.63
2010031921 0.0417 1.55
2010031922 0.0417 2.19
2010031923 0.0417 2.42
2010031924 0.0417 2.48
2010032001 0.0417 2.48
2010032002 0.0417 2.39
2010032003 0.0417 1.72
2010032004 0.0417 3.80
2010032005 0.0417 2.06
2010032006 0.0417 0.57
2010032007 0.0417 1.45
2010032008 0.0417 2.20
2010032009 0.0417 2.26
2010032010 0.0417 2.54
2010032011 0.0417 1.81
2010032012 0.0417 0.00
2010032013 0.0417 1.74
2010032014 0.0417 2.04
2010032015 0.0417 2.28
2010032016 0.0417 2.51
2010032017 0.0417 2.60
2010032018 0.0417 2.74
2010032019 0.0417 1.78
2010032020 0.0417 2.29
2010032021 0.0417 1.45
2010032022 0.0417 2.04
2010032023 0.0417 2.50
2010032024 0.0417 2.82
2010032101 0.0558 2.66
2010032102 0.0544 3.35
2010032103 0.091 1.57
2010032104 0.1579 1.50
2010032105 0.3544 2.86
2010032106 0.0459 5.64
2010032107 0.0417 6.37
2010032108 0.0417 8.13
2010032109 0.0417 9.53
2010032110 0.0417 9.81
2010032111 0.0417 13.07
2010032112 0.0417 10.18
2010032113 0.0417 10.56
2010032114 0.0417 10.43
2010032115 0.0417 8.75
2010032116 0.0417 7.70
2010032117 0.0417 7.20
2010032118 0.0417 6.99
2010032119 0.0417 6.51
2010032120 0.0417 6.21
2010032121 0.0417 5.85
2010032122 0.0417 5.54
2010032123 0.0417 5.41
2010032124 0.0417 4.88
2010032201 0.0417 5.16
2010032202 0.0417 5.20
2010032203 0.0417 4.99
2010032204 0.0417 4.63
2010032205 0.0417 4.35
2010032206 0.0417 4.43
2010032207 0.0417 4.43
2010032208 0.0417 3.81
2010032209 0.0417 3.73
2010032210 0.0417 3.83
2010032211 0.0417 3.83
2010032212 0.0417 3.83
2010032213 0.0417 3.83
2010032214 0.0421 3.60
2010032215 0.0422 3.60
2010032216 0.0422 3.30
2010032217 0.0421 3.30
2010032218 0.0421 3.43
2010032219 0.0421 3.74
2010032220 0.0421 3.74
2010032221 0.0421 2.69
2010032222 0.0421 3.13
2010032223 0.0421 2.92
2010032224 0.0421 2.92
2010032301 0.042 3.40
2010032302 0.042 3.70
2010032303 0.042 3.38
2010032304 0.042 3.38
2010032305 0.042 1.76
2010032306 0.042 2.12
2010032307 0.042 3.34
2010032308 0.042 3.08
2010032309 0.042 3.15
2010032310 0.042 3.15
2010032311 0.0419 4.37
2010032312 0.0419 2.43
2010032313 0.0419 2.88
2010032314 0.0419 2.88
2010032315 0.0419 3.05
2010032316 0.0419 3.09
2010032317 0.0419 2.90
2010032318 0.0419 2.82
2010032319 0.0419 2.82
2010032320 0.0419 3.00
2010032321 0.0419 2.98
2010032322 0.0419 3.06
2010032323 0.0419 2.92
2010032324 0.0419 3.76
2010032401 0.0419 2.21
2010032402 0.0419 4.02
2010032403 0.0418 4.29
2010032404 0.0418 0.51
2010032405 0.0418 2.17
2010032406 0.0418 2.28
2010032407 0.0418 2.80
2010032408 0.0418 2.75
2010032409 0.0418 2.70
2010032410 0.0418 2.80
2010032411 0.0418 2.75
2010032412 0.0422 2.75
2010032413 0.0436 2.68
2010032414 0.0467 2.73
2010032415 0.0464 2.62
2010032416 0.0462 2.70
2010032417 0.046 2.73
2010032418 0.0458 2.73
2010032419 0.0456 2.88
2010032420 0.0454 3.02
2010032421 0.0453 2.14
2010032422 0.0451 2.33
2010032423 0.045 2.84
2010032424 0.0448 3.02
2010032501 0.0449 2.01
2010032502 0.0447 3.24
2010032503 0.0446 2.57
2010032504 0.0445 2.06
2010032505 0.0444 2.41
2010032506 0.0443 2.94
2010032507 0.0442 2.63
2010032508 0.0441 2.65
2010032509 0.044 3.49
2010032510 0.0439 3.49
2010032511 0.0438 1.43
2010032512 0.0438 2.01
2010032513 0.0437 2.24
2010032514 0.0436 3.24
2010032515 0.0435 0.00
2010032516 0.0435 1.88
2010032517 0.0434 2.37
2010032518 0.0434 3.28
2010032519 0.0433 1.93
2010032520 0.0432 0.85
2010032521 0.0432 2.25
2010032522 0.0431 2.77
2010032523 0.0431 2.63
2010032524 0.043 2.75
2010032601 0.043 2.72
2010032602 0.0429 3.25
2010032603 0.0429 3.59
2010032604 0.0429 1.14
2010032605 0.0428 1.48
2010032606 0.0428 2.32
2010032607 0.0427 2.32
2010032608 0.0427 2.68
2010032609 0.0427 2.72
2010032610 0.0426 2.65
2010032611 0.0426 2.65
2010032612 0.0426 2.61
2010032613 0.0425 2.65
2010032614 0.0425 2.55
2010032615 0.0425 2.10
2010032616 0.0425 1.44
2010032617 0.0424 1.65
2010032618 0.0424 1.50
2010032619 0.0424 1.63
2010032620 0.0424 3.58
2010032621 0.0423 1.72
2010032622 0.0423 2.24
2010032623 0.0423 2.67
2010032624 0.0423 2.75
2010032701 0.0422 0.82
2010032702 0.0422 2.43
2010032703 0.0422 3.41
2010032704 0.0422 2.77
2010032705 0.0421 2.75
2010032706 0.0421 2.45
2010032707 0.0421 2.45
2010032708 0.0421 2.40
2010032709 0.0421 2.45
2010032710 0.0421 2.61
2010032711 0.0421 1.38
2010032712 0.0421 1.61
2010032713 0.042 0.98
2010032714 0.042 1.74
2010032715 0.042 2.75
2010032716 0.042 3.01
2010032717 0.042 2.79
2010032718 0.042 3.58
2010032719 0.042 1.27
2010032720 0.042 0.00
2010032721 0.042 1.87
2010032722 0.042 2.22
2010032723 0.042 2.61
2010032724 0.0419 2.73
2010032801 0.0419 1.79
2010032802 0.0419 2.70
2010032803 0.0419 2.40
2010032804 0.0419 2.26
2010032805 0.0419 2.18
2010032806 0.0419 1.13
2010032807 0.0419 1.76
2010032808 0.0419 2.35
2010032809 0.0419 1.85
2010032810 0.0419 2.55
2010032811 0.0419 2.65
2010032812 0.0419 2.62
2010032813 0.0419 3.01
2010032814 0.0419 2.97
2010032815 0.0419 2.79
2010032816 0.0418 2.46
2010032817 0.0418 2.55
2010032818 0.0418 2.53
2010032819 0.0418 3.59
2010032820 0.0418 3.10
2010032821 0.0418 1.65
2010032822 0.0418 2.02
2010032823 0.0418 2.28
2010032824 0.0418 2.82
2010032901 0.0418 2.82
2010032902 0.0418 2.94
2010032903 0.0418 2.27
2010032904 0.0418 2.30
2010032905 0.0418 2.30
2010032906 0.0418 2.15
2010032907 0.0418 2.18
2010032908 0.0418 2.21
2010032909 0.0418 2.23
2010032910 0.0418 2.09
2010032911 0.0418 2.23
2010032912 0.0418 1.27
2010032913 0.0418 2.32
2010032914 0.0418 2.41
2010032915 0.0418 2.70
2010032916 0.0418 2.73
2010032917 0.0418 2.61
2010032918 0.0418 2.48
2010032919 0.0418 2.18
2010032920 0.0418 1.74
2010032921 0.0418 1.74
2010032922 0.0418 2.41
2010032923 0.0418 2.73
2010032924 0.0418 2.08
2010033001 0.0418 1.10
2010033002 0.0418 3.06
2010033003 0.0417 1.48
2010033004 0.0417 1.85
2010033005 0.0417 1.85
2010033006 0.0417 1.83
2010033007 0.0417 2.24
2010033008 0.0417 2.23
2010033009 0.0417 2.23
2010033010 0.0417 2.08
2010033011 0.0417 1.95
2010033012 0.0417 1.21
2010033013 0.0418 2.21
2010033014 0.0433 3.57
2010033015 0.045 0.72
2010033016 0.0449 0.00
2010033017 0.0448 1.63
2010033018 0.0447 2.40
2010033019 0.0446 2.22
2010033020 0.0445 2.22
2010033021 0.0444 1.47
2010033022 0.0443 2.15
2010033023 0.0442 2.41
2010033024 0.0441 2.41
2010033101 0.0441 2.59
2010033102 0.0441 2.80
2010033103 0.044 0.24
2010033104 0.0439 1.84
2010033105 0.0438 2.02
2010033106 0.0437 2.54
2010033107 0.0437 2.51
2010033108 0.0436 2.45
2010033109 0.0435 2.38
2010033110 0.0435 2.33
2010033111 0.0434 2.79
2010033112 0.0433 0.39
2010033113 0.0433 1.86
2010033114 0.0433 3.10
2010033115 0.0459 0.00
2010033116 0.0494 1.87
2010033117 0.0492 1.87
2010033118 0.0489 2.85
2010033119 0.0486 1.66
2010033120 0.0484 1.47
2010033121 0.0481 1.92
2010033122 0.0479 1.77
2010033123 0.0476 2.45
2010033124 0.0474 2.67
2010040101 0.0473 1.50
2010040102 0.047 2.59
2010040103 0.0468 3.19
2010040104 0.0466 3.68
2010040105 0.0464 2.36
2010040106 0.0462 2.43
2010040107 0.0461 1.69
2010040108 0.0515 2.77
2010040109 0.0598 2.33
2010040110 0.0456 2.75
2010040111 0.0464 0.84
2010040112 0.0486 2.37
2010040113 0.0506 2.37
2010040114 0.0525 3.04
2010040115 0.1524 2.89
2010040116 0.0557 2.72
2010040117 0.1938 2.73
2010040118 0.0648 2.75
2010040119 0.4829 4.25
2010040120 0.624 2.72
2010040121 0.3506 3.93
2010040122 0.6175 4.40
2010040123 0.5003 4.78
2010040124 0.1855 5.70
2010040201 0.1533 4.89
2010040202 0.0987 6.14
2010040203 0.0894 7.92
2010040204 0.0861 8.58
2010040205 0.083 8.45
2010040206 0.0802 8.49
2010040207 0.0776 8.37
2010040208 0.0752 7.93
2010040209 0.0738 7.69
2010040210 0.0803 7.69
2010040211 0.0829 7.25
2010040212 0.0997 6.80
2010040213 0.1442 6.77
2010040214 0.1838 6.80
2010040215 0.2051 6.52
2010040216 0.1965 6.28
2010040217 0.188 6.14
2010040218 0.1801 6.21
2010040219 0.1727 6.07
2010040220 0.1658 6.00
2010040221 0.1593 5.93
2010040222 0.1532 5.66
2010040223 0.1475 5.59
2010040224 0.1422 5.41
2010040301 0.1391 5.38
2010040302 0.1343 5.30
2010040303 0.1297 5.30
2010040304 0.1254 5.30
2010040305 0.1213 4.89
2010040306 0.1174 4.86
2010040307 0.1138 4.80
2010040308 0.1104 4.80
2010040309 0.1071 4.30
2010040310 0.104 4.41
2010040311 0.1011 4.30
2010040312 0.0983 4.25
2010040313 0.0957 4.27
2010040314 0.0932 4.11
2010040315 0.0909 3.80
2010040316 0.0886 3.65
2010040317 0.0865 3.85
2010040318 0.0845 3.92
2010040319 0.0826 3.41
2010040320 0.0807 4.76
2010040321 0.079 3.51
2010040322 0.0773 3.51
2010040323 0.0758 3.63
2010040324 0.0743 3.90
2010040401 0.0726 3.72
2010040402 0.0712 3.49
2010040403 0.07 3.65
2010040404 0.0687 3.59
2010040405 0.0676 3.65
2010040406 0.0665 3.59
2010040407 0.0654 3.48
2010040408 0.0644 3.45
2010040409 0.0635 3.39
2010040410 0.0625 3.45
2010040411 0.0617 3.37
2010040412 0.0723 3.28
2010040413 0.1102 3.28
2010040414 0.1445 3.28
2010040415 0.1448 3.54
2010040416 0.1404 3.28
2010040417 0.1355 3.19
2010040418 0.1308 3.56
2010040419 0.1265 4.78
2010040420 0.1224 2.56
2010040421 0.1185 2.56
2010040422 0.1149 3.65
2010040423 0.1114 3.77
2010040424 0.1082 3.79
2010040501 0.1073 3.67
2010040502 0.1042 2.86
2010040503 0.1013 3.77
2010040504 0.0985 3.83
2010040505 0.0959 3.83
2010040506 0.0934 3.51
2010040507 0.091 3.37
2010040508 0.0888 3.48
2010040509 0.0867 3.48
2010040510 0.0847 2.66
2010040511 0.0828 1.78
2010040512 0.0809 2.29
2010040513 0.0792 3.28
2010040514 0.1346 3.88
2010040515 0.3189 3.70
2010040516 0.0745 3.70
2010040517 0.0923 1.82
2010040518 0.0719 3.28
2010040519 0.0706 4.74
2010040520 0.0694 2.15
2010040521 0.0682 3.53
2010040522 0.0671 3.27
2010040523 0.066 4.11
2010040524 0.0649 4.07
2010040601 0.0645 4.07
2010040602 0.0635 5.23
2010040603 0.0626 2.73
2010040604 0.0617 2.86
2010040605 0.0608 4.09
2010040606 0.06 3.92
2010040607 0.0592 3.79
2010040608 0.0585 3.70
2010040609 0.0578 4.09
2010040610 0.0571 3.03
2010040611 0.1631 3.19
2010040612 0.1729 3.12
2010040613 0.0816 3.81
2010040614 0.0845 3.88
2010040615 0.1641 3.90
2010040616 0.1246 3.88
2010040617 0.0972 3.88
2010040618 0.0807 4.11
2010040619 0.0784 4.37
2010040620 0.0763 3.63
2010040621 0.0744 3.63
2010040622 0.0726 4.80
2010040623 0.0709 4.98
2010040624 0.0693 4.72
2010040701 0.0667 4.69
2010040702 0.0655 4.78
2010040703 0.0643 4.80
2010040704 0.0632 4.78
2010040705 0.0621 4.55
2010040706 0.0611 4.43
2010040707 0.0602 4.49
2010040708 0.0593 4.29
2010040709 0.0585 4.15
2010040710 0.0577 3.81
2010040711 0.0569 2.96
2010040712 0.0562 4.16
2010040713 0.0556 4.11
2010040714 0.0567 4.03
2010040715 0.0576 4.00
2010040716 0.0568 4.00
2010040717 0.056 3.97
2010040718 0.0553 3.71
2010040719 0.0546 4.81
2010040720 0.0539 1.60
2010040721 0.0533 3.29
2010040722 0.0528 4.28
2010040723 0.0522 4.28
2010040724 0.0517 3.82
2010040801 0.0513 3.78
2010040802 0.0508 4.07
2010040803 0.0504 1.99
2010040804 0.05 3.40
2010040805 0.0496 2.98
2010040806 0.0493 3.67
2010040807 0.0489 3.65
2010040808 0.0486 3.58
2010040809 0.0483 3.34
2010040810 0.048 4.30
2010040811 0.0498 4.57
2010040812 0.0844 1.18
2010040813 0.1387 2.91
2010040814 0.1905 3.56
2010040815 0.2299 3.65
2010040816 0.2292 3.82
2010040817 0.2196 3.78
2010040818 0.2106 3.82
2010040819 0.2021 4.66
2010040820 0.1941 3.32
2010040821 0.1866 3.15
2010040822 0.1796 4.16
2010040823 0.1729 4.22
2010040824 0.1666 4.47
2010040901 0.1656 4.38
2010040902 0.1595 4.33
2010040903 0.1538 4.41
2010040904 0.1484 4.26
2010040905 0.1433 3.84
2010040906 0.1385 3.75
2010040907 0.1339 3.97
2010040908 0.1296 3.87
2010040909 0.1255 3.87
2010040910 0.1216 3.73
2010040911 0.1179 3.73
2010040912 0.1144 3.82
2010040913 0.1122 3.82
2010040914 0.1182 4.57
2010040915 0.1212 2.45
2010040916 0.1177 3.45
2010040917 0.1144 4.30
2010040918 0.1113 4.25
2010040919 0.1082 5.26
2010040920 0.1054 2.96
2010040921 0.1026 5.35
2010040922 0.1 4.49
2010040923 0.0975 4.38
2010040924 0.0951 4.32
2010041001 0.0924 4.52
2010041002 0.0903 4.55
2010041003 0.0882 4.49
2010041004 0.0862 4.40
2010041005 0.0844 4.46
2010041006 0.0826 4.43
2010041007 0.0808 4.22
2010041008 0.0792 4.36
2010041009 0.0776 4.49
2010041010 0.0761 4.27
2010041011 0.0747 4.25
2010041012 0.0733 4.33
2010041013 0.0724 4.19
2010041014 0.0722 4.19
2010041015 0.0716 4.52
2010041016 0.2323 4.40
2010041017 0.1593 4.56
2010041018 0.8415 5.13
2010041019 1.0576 5.90
2010041020 1.55 6.21
2010041021 0.9469 7.41
2010041022 0.8024 7.64
2010041023 0.6718 8.76
2010041024 0.5763 10.21
2010041101 0.4644 10.67
2010041102 0.1189 12.97
2010041103 0.1428 12.94
2010041104 0.108 12.94
2010041105 0.1033 13.00
2010041106 0.0989 12.97
2010041107 0.0949 13.06
2010041108 0.0925 13.58
2010041109 0.1097 13.32
2010041110 0.1683 13.27
2010041111 0.1902 10.94
2010041112 0.2183 10.51
2010041113 0.242 10.93
2010041114 0.2444 10.57
2010041115 0.2718 10.68
2010041116 0.2586 10.88
2010041117 0.2458 10.24
2010041118 0.234 10.00
2010041119 0.223 10.18
2010041120 0.2127 9.92
2010041121 0.2031 10.07
2010041122 0.1941 9.26
2010041123 0.1857 9.64
2010041124 0.1779 9.24
2010041201 0.1733 9.24
2010041202 0.1661 8.64
2010041203 0.1594 9.08
2010041204 0.1531 8.42
2010041205 0.1471 8.06
2010041206 0.1416 8.06
2010041207 0.1363 7.66
2010041208 0.1314 7.86
2010041209 0.1267 7.42
2010041210 0.1223 7.08
2010041211 0.1214 7.22
2010041212 0.1532 6.89
2010041213 0.2101 7.08
2010041214 0.2493 6.89
2010041215 0.285 6.94
2010041216 0.2808 7.17
2010041217 0.2675 6.70
2010041218 0.2551 7.27
2010041219 0.2434 9.17
2010041220 0.2325 7.32
2010041221 0.2224 6.69
2010041222 0.2128 7.22
2010041223 0.2038 7.22
2010041224 0.1954 7.42
2010041301 0.1874 7.91
2010041302 0.1799 7.91
2010041303 0.1729 7.69
2010041304 0.1663 7.69
2010041305 0.16 6.42
2010041306 0.1541 7.02
2010041307 0.1485 7.37
2010041308 0.1433 6.95
2010041309 0.1383 6.26
2010041310 0.1336 8.32
2010041311 0.1516 7.59
2010041312 0.2721 5.79
2010041313 0.1209 5.79
2010041314 0.1354 9.82
2010041315 0.6036 7.22
2010041316 0.13 8.01
2010041317 0.148 9.19
2010041318 0.2267 11.64
2010041319 0.5002 13.98
2010041320 0.1018 17.21
2010041321 0.0987 19.67
2010041322 0.0958 21.96
2010041323 0.0931 23.26
2010041324 0.0905 21.96
2010041401 0.0866 19.83
2010041402 0.0845 18.04
2010041403 0.0825 16.67
2010041404 0.0805 16.67
2010041405 0.0787 15.30
2010041406 0.077 15.30
2010041407 0.0754 14.24
2010041408 0.0739 12.57
2010041409 0.0724 11.82
2010041410 0.071 13.38
2010041411 0.0697 10.91
2010041412 0.0685 12.77
2010041413 0.0673 11.85
2010041414 0.0661 10.60
2010041415 0.0651 10.58
2010041416 0.0641 10.79
2010041417 0.0631 8.95
2010041418 0.0622 9.84
2010041419 0.0613 11.28
2010041420 0.0604 9.73
2010041421 0.0596 9.27
2010041422 0.0589 7.81
2010041423 0.0581 8.98
2010041424 0.0574 10.90
2010041501 0.0568 6.70
2010041502 0.0562 10.01
2010041503 0.0556 7.59
2010041504 0.055 7.59
2010041505 0.0544 7.98
2010041506 0.0539 7.51
2010041507 0.0534 7.67
2010041508 0.0529 7.51
2010041509 0.0524 8.94
2010041510 0.052 5.22
2010041511 0.0515 7.74
2010041512 0.0511 5.03
2010041513 0.0508 7.17
2010041514 0.0504 8.02
2010041515 0.05 7.84
2010041516 0.0497 5.05
2010041517 0.0493 7.08
2010041518 0.049 6.99
2010041519 0.0487 7.36
2010041520 0.0484 6.01
2010041521 0.0482 6.01
2010041522 0.0479 5.75
2010041523 0.0476 6.01
2010041524 0.0474 7.04
2010041601 0.0472 6.60
2010041602 0.0469 7.12
2010041603 0.0467 6.20
2010041604 0.0465 6.20
2010041605 0.0463 4.76
2010041606 0.0461 6.41
2010041607 0.046 6.06
2010041608 0.0458 5.87
2010041609 0.0456 6.64
2010041610 0.0455 5.64
2010041611 0.0453 7.06
2010041612 0.0458 6.18
2010041613 0.0651 5.76
2010041614 0.0766 6.88
2010041615 0.0812 3.84
2010041616 0.0795 7.56
2010041617 0.077 5.16
2010041618 0.0748 5.84
2010041619 0.0727 6.60
2010041620 0.0708 6.58
2010041621 0.069 3.68
2010041622 0.0673 6.54
2010041623 0.0658 5.96
2010041624 0.0644 5.76
2010041701 0.0637 7.00
2010041702 0.0624 6.52
2010041703 0.0612 6.52
2010041704 0.0601 4.60
2010041705 0.0591 5.33
2010041706 0.0581 5.75
2010041707 0.0572 5.71
2010041708 0.0563 5.48
2010041709 0.0555 6.66
2010041710 0.0549 4.90
2010041711 0.0647 4.03
2010041712 0.0812 6.26
2010041713 0.0913 6.30
2010041714 0.1013 5.51
2010041715 0.098 4.90
2010041716 0.0946 5.44
2010041717 0.0914 5.58
2010041718 0.0884 5.76
2010041719 0.0857 6.34
2010041720 0.0831 6.34
2010041721 0.0808 4.61
2010041722 0.0785 4.06
2010041723 0.0765 4.93
2010041724 0.0745 6.56
2010041801 0.0732 6.34
2010041802 0.0714 6.34
2010041803 0.0698 5.45
2010041804 0.0683 5.45
2010041805 0.0668 3.85
2010041806 0.0655 4.55
2010041807 0.0642 4.41
2010041808 0.063 4.16
2010041809 0.0619 4.27
2010041810 0.0608 5.76
2010041811 0.0598 5.52
2010041812 0.0589 4.62
2010041813 0.062 5.10
2010041814 0.0673 3.19
2010041815 0.0908 4.27
2010041816 0.108 4.27
2010041817 0.1053 5.31
2010041818 0.1014 6.18
2010041819 0.0978 4.68
2010041820 0.0944 4.86
2010041821 0.0912 4.86
2010041822 0.0883 5.83
2010041823 0.0856 4.23
2010041824 0.0831 4.72
2010041901 0.0807 4.96
2010041902 0.0785 5.38
2010041903 0.0765 5.38
2010041904 0.0745 5.38
2010041905 0.0727 4.82
2010041906 0.071 5.86
2010041907 0.0694 5.21
2010041908 0.0679 5.10
2010041909 0.0666 5.00
2010041910 0.0778 5.62
2010041911 0.1337 6.42
2010041912 0.1946 4.65
2010041913 0.2554 3.85
2010041914 0.2886 5.14
2010041915 0.303 5.31
2010041916 0.2885 5.65
2010041917 0.2746 5.65
2010041918 0.2617 5.76
2010041919 0.2496 6.36
2010041920 0.2383 6.17
2010041921 0.2276 4.54
2010041922 0.2177 5.55
2010041923 0.2083 6.21
2010041924 0.1996 7.95
2010042001 0.1869 4.27
2010042002 0.1795 6.48
2010042003 0.1726 6.48
2010042004 0.166 6.48
2010042005 0.1599 6.28
2010042006 0.154 6.06
2010042007 0.1485 5.98
2010042008 0.1433 5.80
2010042009 0.1384 6.96
2010042010 0.1338 6.02
2010042011 0.1294 4.68
2010042012 0.1252 4.04
2010042013 0.1212 5.62
2010042014 0.1175 7.52
2010042015 0.1139 4.14
2010042016 0.1105 5.94
2010042017 0.1073 5.98
2010042018 0.1043 6.70
2010042019 0.1014 6.48
2010042020 0.0987 7.31
2010042021 0.096 5.48
2010042022 0.0936 6.29
2010042023 0.0912 6.56
2010042024 0.089 6.79
2010042101 0.0861 6.10
2010042102 0.0841 7.37
2010042103 0.0822 5.21
2010042104 0.0805 5.17
2010042105 0.0787 6.80
2010042106 0.0771 6.68
2010042107 0.0756 6.45
2010042108 0.0825 6.60
2010042109 0.117 7.96
2010042110 0.2756 8.44
2010042111 0.5535 7.40
2010042112 0.4953 5.68
2010042113 0.1497 6.88
2010042114 0.1125 6.96
2010042115 0.1206 7.25
2010042116 0.1164 7.91
2010042117 0.1142 8.10
2010042118 0.1098 8.37
2010042119 0.1058 8.77
2010042120 0.102 8.27
2010042121 0.0985 8.27
2010042122 0.0952 6.83
2010042123 0.0922 8.05
2010042124 0.0894 7.64
2010042201 0.088 7.81
2010042202 0.0854 7.68
2010042203 0.083 7.37
2010042204 0.0807 7.08
2010042205 0.0786 7.38
2010042206 0.0766 7.38
2010042207 0.0748 6.58
2010042208 0.073 6.87
2010042209 0.0714 7.08
2010042210 0.1128 7.00
2010042211 0.1949 7.29
2010042212 0.3041 6.91
2010042213 0.3886 5.96
2010042214 0.4497 6.71
2010042215 0.4276 6.87
2010042216 0.406 6.86
2010042217 0.386 6.95
2010042218 0.3672 8.13
2010042219 0.3497 7.55
2010042220 0.3332 8.02
2010042221 0.3178 5.83
2010042222 0.3034 5.66
2010042223 0.2898 7.25
2010042224 0.277 7.59
2010042301 0.2667 7.38
2010042302 0.2552 6.96
2010042303 0.2444 6.86
2010042304 0.2342 6.86
2010042305 0.2246 5.96
2010042306 0.2155 6.83
2010042307 0.2069 6.50
2010042308 0.1988 6.42
2010042309 0.1912 7.16
2010042310 0.1839 4.80
2010042311 0.1771 5.28
2010042312 0.1758 6.56
2010042313 0.2077 6.44
2010042314 0.2052 6.12
2010042315 0.2017 5.92
2010042316 0.1932 6.04
2010042317 0.1853 6.20
2010042318 0.1778 7.48
2010042319 0.1708 7.56
2010042320 0.1642 7.60
2010042321 0.158 6.48
2010042322 0.1522 5.48
2010042323 0.1466 4.83
2010042324 0.1414 6.23
2010042401 0.137 5.11
2010042402 0.1323 7.56
2010042403 0.1279 5.44
2010042404 0.1237 5.79
2010042405 0.1197 5.03
2010042406 0.116 6.00
2010042407 0.1124 5.79
2010042408 0.1091 5.59
2010042409 0.106 5.59
2010042410 0.1057 5.93
2010042411 0.118 4.30
2010042412 0.1542 5.03
2010042413 0.2014 5.55
2010042414 0.4233 5.55
2010042415 0.3737 5.62
2010042416 0.3792 5.58
2010042417 0.3602 6.02
2010042418 0.3425 6.33
2010042419 0.326 7.34
2010042420 0.3106 5.71
2010042421 0.2961 6.05
2010042422 0.2826 5.59
2010042423 0.2699 6.73
2010042424 0.258 6.73
2010042501 0.248 6.53
2010042502 0.2373 6.25
2010042503 0.2273 6.25
2010042504 0.2178 6.25
2010042505 0.2089 5.95
2010042506 0.2005 6.13
2010042507 0.1926 6.36
2010042508 0.1851 6.28
2010042509 0.1794 6.17
2010042510 0.1713 5.83
2010042511 0.2048 5.69
2010042512 0.2326 5.95
2010042513 0.2009 5.98
2010042514 0.2457 5.90
2010042515 0.2485 6.40
2010042516 0.2462 5.31
2010042517 0.2389 5.91
2010042518 0.228 5.91
2010042519 0.2177 8.08
2010042520 0.2082 6.92
2010042521 0.1992 5.68
2010042522 0.1908 4.50
2010042523 0.183 6.21
2010042524 0.1756 7.38
2010042601 0.1694 4.03
2010042602 0.1628 6.26
2010042603 0.1566 6.12
2010042604 0.1507 5.04
2010042605 0.1452 5.26
2010042606 0.14 4.09
2010042607 0.1351 6.16
2010042608 0.1304 6.16
2010042609 0.1261 6.04
2010042610 0.1219 5.65
2010042611 0.1434 6.55
2010042612 0.244 4.39
2010042613 0.3465 5.62
2010042614 0.4174 6.28
2010042615 0.4768 6.46
2010042616 0.4651 7.15
2010042617 0.4413 7.86
2010042618 0.4191 8.06
2010042619 0.3984 9.20
2010042620 0.3791 9.10
2010042621 0.361 6.40
2010042622 0.3441 7.28
2010042623 0.3282 8.58
2010042624 0.3132 8.87
2010042701 0.3011 6.80
2010042702 0.2877 7.86
2010042703 0.2751 7.81
2010042704 0.2632 7.36
2010042705 0.252 7.28
2010042706 0.2415 7.29
2010042707 0.2315 7.16
2010042708 0.2221 6.95
2010042709 0.2132 7.94
2010042710 0.2053 6.82
2010042711 0.2173 7.21
2010042712 0.2573 7.12
2010042713 0.32 5.02
2010042714 0.3707 9.82
2010042715 0.3942 9.32
2010042716 0.3781 7.82
2010042717 0.3594 10.22
2010042718 0.3419 10.30
2010042719 0.3256 12.12
2010042720 0.3104 11.14
2010042721 0.2961 9.78
2010042722 0.2828 10.64
2010042723 0.2702 10.28
2010042724 0.2584 10.28
2010042801 0.2416 10.32
2010042802 0.2318 11.23
2010042803 0.2225 8.32
2010042804 0.2137 8.86
2010042805 0.2054 9.13
2010042806 0.1976 9.02
2010042807 0.1901 10.89
2010042808 0.1831 10.01
2010042809 0.1764 8.09
2010042810 0.1701 9.24
2010042811 0.1641 8.17
2010042812 0.1584 7.33
2010042813 0.153 8.33
2010042814 0.1478 9.48
2010042815 0.1429 5.54
2010042816 0.1383 9.13
2010042817 0.1339 7.91
2010042818 0.1297 7.81
2010042819 0.1257 9.17
2010042820 0.1219 9.17
2010042821 0.1183 6.47
2010042822 0.1148 7.55
2010042823 0.1116 7.84
2010042824 0.1084 9.44
2010042901 0.1026 7.84
2010042902 0.0999 8.21
2010042903 0.0974 8.98
2010042904 0.095 7.17
2010042905 0.0927 9.96
2010042906 0.2596 10.09
2010042907 2.0955 12.17
2010042908 3.121 12.33
2010042909 3.617 14.67
2010042910 3.1504 16.12
2010042911 1.9402 17.27
2010042912 3.6537 18.62
2010042913 5.0509 20.65
2010042914 2.4959 22.99
2010042915 1.6668 25.91
2010042916 0.8561 27.84
2010042917 0.3882 32.09
2010042918 0.342 29.88
2010042919 0.2544 30.00
2010042920 0.1833 28.79
2010042921 0.2306 25.61
2010042922 0.1263 23.48
2010042923 0.1483 23.48
2010042924 0.1106 21.60
2010043001 0.0989 22.24
2010043002 0.0885 22.45
2010043003 0.0855 23.13
2010043004 0.0828 21.56
2010043005 0.0803 22.44
2010043006 0.0782 21.53
2010043007 0.0785 21.53
2010043008 0.0959 21.48
2010043009 0.098 21.34
2010043010 0.1884 19.76
2010043011 0.3272 20.37
2010043012 0.212 20.72
2010043013 0.3575 20.37
2010043014 0.2996 22.73
2010043015 0.566 22.73
2010043016 0.3285 23.11
2010043017 0.2127 23.11
2010043018 0.2018 23.50
2010043019 0.2263 23.88
2010043020 0.1896 23.69
2010043021 0.1805 21.91
2010043022 0.1808 21.34
2010043023 0.1678 21.16
2010043024 0.1781 21.69
2010050101 0.1608 20.94
2010050102 0.1669 20.61
2010050103 0.1693 22.21
2010050104 0.1588 21.56
2010050105 0.1404 20.48
2010050106 0.2512 22.74
2010050107 0.6943 25.23
2010050108 0.8866 25.88
2010050109 0.7257 26.34
2010050110 0.6391 26.79
2010050111 0.8982 27.44
2010050112 2.1821 26.36
2010050113 1.2985 25.94
2010050114 1.1001 26.61
2010050115 0.768 26.78
2010050116 0.4302 26.41
2010050117 0.3409 26.99
2010050118 0.327 26.97
2010050119 0.3102 25.96
2010050120 0.2947 24.96
2010050121 0.2805 25.73
2010050122 0.2675 23.55
2010050123 0.2554 22.83
2010050124 0.2442 22.83
2010050201 0.2445 22.83
2010050202 0.2333 21.34
2010050203 0.2229 20.71
2010050204 0.2133 20.71
2010050205 0.2044 20.03
2010050206 0.196 19.57
2010050207 0.1883 19.20
2010050208 0.181 18.42
2010050209 0.1908 17.60
2010050210 0.311 17.90
2010050211 0.4571 17.90
2010050212 0.6105 17.90
2010050213 0.7342 18.73
2010050214 0.7906 20.39
2010050215 0.8737 23.29
2010050216 0.9267 23.29
2010050217 0.9095 28.31
2010050218 0.8741 28.92
2010050219 0.8269 28.61
2010050220 0.7861 27.00
2010050221 0.7455 26.85
2010050222 0.7084 26.85
2010050223 0.6741 25.83
2010050224 0.6423 23.89
2010050301 0.6696 23.89
2010050302 0.636 23.89
2010050303 0.6019 22.29
2010050304 0.5712 21.59
2010050305 0.5431 21.59
2010050306 0.5172 20.33
2010050307 0.5133 19.33
2010050308 0.5498 20.71
2010050309 0.648 20.54
2010050310 0.7816 20.29
2010050311 0.8806 20.29
2010050312 1.0627 21.43
2010050313 1.2219 21.80
2010050314 1.3189 26.63
2010050315 1.3257 29.78
2010050316 1.2909 31.36
2010050317 1.2955 31.36
2010050318 1.2705 34.13
2010050319 1.232 34.94
2010050320 1.1781 34.73
2010050321 1.1322 34.16
2010050322 1.0892 33.81
2010050323 1.0276 32.72
2010050324 0.9757 33.64
2010050401 0.9849 31.71
2010050402 1.0464 31.71
2010050403 0.903 31.14
2010050404 0.9515 30.92
2010050405 0.8065 30.41
2010050406 0.7692 30.41
2010050407 0.7758 29.59
2010050408 0.8532 28.92
2010050409 0.9516 28.88
2010050410 1.0577 29.22
2010050411 1.1654 27.91
2010050412 1.2807 29.89
2010050413 1.3748 32.76
2010050414 1.4651 35.09
2010050415 1.5031 39.34
2010050416 1.4437 41.56
2010050417 1.3605 41.31
2010050418 1.2775 42.99
2010050419 1.2049 40.71
2010050420 1.1395 39.18
2010050421 1.0797 39.30
2010050422 1.0246 39.24
2010050423 0.9735 37.48
2010050424 0.9259 34.33
2010050501 0.912 35.69
2010050502 0.8663 33.32
2010050503 0.8236 31.41
2010050504 0.7837 30.99
2010050505 0.7463 30.80
2010050506 0.7112 29.83
2010050507 0.6782 27.87
2010050508 0.647 27.33
2010050509 0.6416 27.13
2010050510 0.7697 26.28
2010050511 0.8249 26.06
2010050512 0.8642 26.06
2010050513 0.9072 26.33
2010050514 0.9867 27.10
2010050515 0.9827 28.39
2010050516 0.9589 29.29
2010050517 0.9136 29.38
2010050518 0.8571 29.52
2010050519 0.808 30.72
2010050520 0.7649 29.59
2010050521 0.7258 30.29
2010050522 0.6898 29.08
2010050523 0.6563 29.08
2010050524 0.6251 27.91
2010050601 0.6459 27.70
2010050602 0.6112 27.99
2010050603 0.5792 27.70
2010050604 0.5496 27.70
2010050605 0.5221 25.80
2010050606 0.4964 25.98
2010050607 0.4725 25.59
2010050608 0.4758 25.07
2010050609 0.5854 24.67
2010050610 0.7293 25.32
2010050611 0.8206 26.64
2010050612 0.9954 27.55
2010050613 1.1062 29.77
2010050614 1.1854 33.79
2010050615 1.1863 35.71
2010050616 1.1348 40.65
2010050617 1.0613 40.93
2010050618 0.9873 40.68
2010050619 1.8569 43.04
2010050620 1.1642 42.98
2010050621 1.4452 40.63
2010050622 3.712 44.83
2010050623 1.6355 40.61
2010050624 2.0564 43.17
2010050701 4.2099 45.14
2010050702 4.0152 45.48
2010050703 2.3084 50.71
2010050704 1.9944 53.16
2010050705 1.5601 57.46
2010050706 1.3833 60.12
2010050707 2.1216 59.21
2010050708 1.671 58.63
2010050709 1.4794 59.83
2010050710 1.5947 61.35
2010050711 1.5773 59.24
2010050712 1.562 59.51
2010050713 1.5021 59.32
2010050714 1.4978 60.33
2010050715 1.5245 60.34
2010050716 1.593 60.33
2010050717 1.4985 60.06
2010050718 1.3867 57.96
2010050719 1.2937 57.00
2010050720 1.2337 58.33
2010050721 1.1543 54.14
2010050722 1.1127 55.98
2010050723 1.0849 55.98
2010050724 1.0731 50.65
2010050801 1.1015 51.13
2010050802 0.9612 48.68
2010050803 0.9039 47.66
2010050804 0.8351 47.66
2010050805 0.7813 46.17
2010050806 0.7311 43.50
2010050807 0.7187 41.20
2010050808 0.7322 41.03
2010050809 0.7402 41.03
2010050810 0.7509 41.03
2010050811 1.2193 38.15
2010050812 1.014 38.40
2010050813 1.3606 37.90
2010050814 1.1775 38.26
2010050815 0.8595 38.26
2010050816 0.9377 37.03
2010050817 0.8011 36.75
2010050818 0.7635 36.83
2010050819 0.8706 35.82
2010050820 0.6408 35.90
2010050821 0.5954 35.90
2010050822 0.5546 34.99
2010050823 0.5201 34.13
2010050824 0.4891 34.13
2010050901 0.5431 33.01
2010050902 0.4679 32.44
2010050903 0.4346 32.44
2010050904 0.3958 31.58
2010050905 0.3743 31.58
2010050906 0.3545 30.40
2010050907 0.3384 30.40
2010050908 0.5237 30.40
2010050909 0.7318 30.40
2010050910 0.7993 28.59
2010050911 0.7972 29.29
2010050912 0.9619 30.14
2010050913 1.2158 30.87
2010050914 1.2722 32.38
2010050915 1.141 33.74
2010050916 1.0715 33.88
2010050917 1.0173 34.40
2010050918 0.9189 34.77
2010050919 0.8289 35.19
2010050920 0.7647 35.19
2010050921 0.7095 34.40
2010050922 0.6609 33.61
2010050923 0.6174 32.35
2010050924 0.5782 32.01
2010051001 0.5595 32.38
2010051002 0.524 30.84
2010051003 0.4918 30.69
2010051004 0.4626 29.70
2010051005 0.4359 29.70
2010051006 0.4114 28.87
2010051007 0.3888 27.92
2010051008 0.378 28.71
2010051009 0.5172 27.56
2010051010 0.8604 27.09
2010051011 1.0863 27.56
2010051012 1.0873 28.05
2010051013 1.319 27.87
2010051014 1.4449 29.88
2010051015 1.4728 31.54
2010051016 1.3608 33.79
2010051017 1.2305 35.38
2010051018 1.1053 35.63
2010051019 0.9938 35.22
2010051020 0.9144 35.01
2010051021 0.8457 34.19
2010051022 0.7853 33.05
2010051023 0.7315 33.43
2010051024 0.6833 32.18
2010051101 0.6517 31.00
2010051102 0.6086 30.67
2010051103 0.57 30.53
2010051104 0.5351 30.04
2010051105 0.5034 29.70
2010051106 0.4745 28.10
2010051107 0.4479 28.10
2010051108 0.447 27.30
2010051109 0.7297 27.15
2010051110 0.9362 27.09
2010051111 1.0649 27.09
2010051112 1.3042 27.09
2010051113 1.4456 26.63
2010051114 1.3349 26.16
2010051115 1.291 27.29
2010051116 1.2233 27.97
2010051117 1.1069 27.67
2010051118 0.9921 28.36
2010051119 0.8863 27.67
2010051120 0.8058 28.36
2010051121 0.7498 27.97
2010051122 0.7924 28.67
2010051123 0.6423 27.67
2010051124 0.973 27.51
2010051201 1.5409 27.21
2010051202 2.2655 27.97
2010051203 1.2148 27.81
2010051204 0.9515 28.28
2010051205 0.9891 28.99
2010051206 1.0499 30.19
2010051207 0.7028 30.74
2010051208 0.9475 31.61
2010051209 0.4085 31.68
2010051210 0.8148 31.37
2010051211 0.9566 32.21
2010051212 0.5451 32.21
2010051213 0.8353 33.28
2010051214 0.5934 33.75
2010051215 0.8422 34.63
2010051216 0.5548 35.03
2010051217 0.5243 35.49
2010051218 0.716 35.47
2010051219 0.4317 36.26
2010051220 0.3943 35.03
2010051221 0.4137 35.02
2010051222 0.4081 34.23
2010051223 0.3449 34.25
2010051224 0.2879 32.17
2010051301 0.2688 32.23
2010051302 0.2803 32.18
2010051303 0.2567 32.18
2010051304 0.2332 30.62
2010051305 0.2285 30.33
2010051306 0.2045 29.92
2010051307 0.2128 29.13
2010051308 0.2808 29.84
2010051309 0.3837 29.13
2010051310 0.4848 28.69
2010051311 0.5388 28.01
2010051312 0.7067 28.01
2010051313 0.671 28.34
2010051314 0.7308 29.71
2010051315 0.6394 29.47
2010051316 0.556 29.47
2010051317 0.5018 30.05
2010051318 0.4429 31.22
2010051319 0.3968 30.75
2010051320 0.3649 30.52
2010051321 0.3381 30.75
2010051322 0.3155 29.58
2010051323 0.2943 29.13
2010051324 0.2761 29.47
2010051401 0.2639 28.67
2010051402 0.2547 27.98
2010051403 0.2341 27.41
2010051404 0.2346 27.86
2010051405 0.2097 26.74
2010051406 0.2324 27.05
2010051407 0.1893 26.30
2010051408 0.1956 26.30
2010051409 0.1751 25.87
2010051410 0.1702 25.87
2010051411 0.4442 25.50
2010051412 0.8167 25.07
2010051413 0.9442 25.07
2010051414 0.9804 25.30
2010051415 1.104 26.24
2010051416 0.9009 26.69
2010051417 0.7677 26.69
2010051418 0.6591 28.40
2010051419 0.5901 28.75
2010051420 0.5475 29.10
2010051421 0.4961 27.64
2010051422 0.4829 28.10
2010051423 0.4263 27.19
2010051424 0.4124 26.84
2010051501 0.3922 26.84
2010051502 0.3996 26.60
2010051503 0.3401 25.94
2010051504 0.3482 25.94
2010051505 0.2992 24.71
2010051506 0.3135 24.71
2010051507 0.2748 23.99
2010051508 0.4058 23.99
2010051509 0.7635 23.99
2010051510 1.061 23.99
2010051511 1.2413 23.99
2010051512 1.4442 23.99
2010051513 1.6188 25.59
2010051514 1.703 28.40
2010051515 1.6716 31.73
2010051516 1.469 33.94
2010051517 1.2919 34.70
2010051518 1.1541 36.78
2010051519 1.0153 35.57
2010051520 0.918 36.14
2010051521 0.8458 35.27
2010051522 0.7774 34.54
2010051523 0.7305 33.34
2010051524 0.6701 32.47
2010051601 0.6811 32.39
2010051602 0.6269 31.76
2010051603 0.5807 30.13
2010051604 0.5402 29.35
2010051605 0.5043 29.70
2010051606 0.472 29.24
2010051607 0.4493 28.79
2010051608 0.5906 28.11
2010051609 0.9659 27.98
2010051610 1.3083 27.98
2010051611 1.2747 28.44
2010051612 1.3692 27.78
2010051613 1.4208 29.57
2010051614 1.5205 32.45
2010051615 1.511 33.43
2010051616 1.2915 35.54
2010051617 1.133 36.07
2010051618 1.0387 37.91
2010051619 0.9051 38.83
2010051620 0.8285 38.17
2010051621 0.7518 38.35
2010051622 0.6957 37.06
2010051623 0.6438 36.22
2010051624 0.5994 36.26
2010051701 0.6336 34.11
2010051702 0.5798 33.68
2010051703 0.5548 32.86
2010051704 0.4963 33.21
2010051705 0.4816 31.62
2010051706 0.434 30.37
2010051707 0.4366 31.10
2010051708 0.5863 30.39
2010051709 1.1458 30.75
2010051710 1.5187 30.39
2010051711 1.7105 30.05
2010051712 1.873 32.07
2010051713 2.153 34.68
2010051714 2.2671 38.42
2010051715 2.1767 43.53
2010051716 1.8904 46.56
2010051717 1.5692 49.93
2010051718 1.3772 52.50
2010051719 1.2068 53.23
2010051720 1.1011 53.38
2010051721 0.9928 50.00
2010051722 0.9055 46.76
2010051723 0.8304 46.71
2010051724 0.7613 47.18
2010051801 0.7876 43.86
2010051802 0.7175 43.99
2010051803 0.6594 40.66
2010051804 0.609 40.39
2010051805 0.5644 40.07
2010051806 0.5296 40.13
2010051807 0.6884 39.43
2010051808 1.1029 38.82
2010051809 1.4727 37.38
2010051810 1.7242 37.08
2010051811 1.9587 37.57
2010051812 1.9464 39.52
2010051813 2.0226 43.51
2010051814 1.992 43.81
2010051815 1.8794 47.27
2010051816 1.671 50.27
2010051817 1.5708 53.88
2010051818 1.3987 53.48
2010051819 1.2042 53.75
2010051820 1.0594 54.25
2010051821 0.9527 53.95
2010051822 0.8643 50.48
2010051823 0.7906 47.48
2010051824 0.729 47.01
2010051901 0.8129 44.13
2010051902 0.7323 41.49
2010051903 0.6648 41.49
2010051904 0.6067 40.92
2010051905 0.5581 41.14
2010051906 0.5777 41.14
2010051907 0.8682 39.80
2010051908 1.2409 39.80
2010051909 1.4636 38.49
2010051910 1.4604 38.49
2010051911 1.8053 39.03
2010051912 2.0895 40.52
2010051913 2.1913 41.40
2010051914 2.1519 48.56
2010051915 2.2799 51.53
2010051916 1.8392 54.11
2010051917 1.6271 54.77
2010051918 1.6941 55.66
2010051919 1.4601 55.69
2010051920 1.3972 55.56
2010051921 1.351 52.48
2010051922 1.225 55.97
2010051923 1.2431 55.08
2010051924 1.2405 51.74
2010052001 1.9112 51.76
2010052002 2.2831 54.91
2010052003 1.8273 60.02
2010052004 1.8354 59.80
2010052005 1.9853 62.63
2010052006 1.9054 66.40
2010052007 2.032 70.09
2010052008 1.5238 70.09
2010052009 1.8203 66.73
2010052010 3.6453 68.26
2010052011 3.4814 68.29
2010052012 2.2791 71.96
2010052013 1.9264 71.53
2010052014 3.1068 75.13
2010052015 3.5494 77.96
2010052016 1.8147 74.79
2010052017 1.631 76.65
2010052018 1.6414 72.27
2010052019 1.6623 72.62
2010052020 1.3235 68.74
2010052021 1.2059 65.18
2010052022 1.1638 61.43
2010052023 1.0186 61.83
2010052024 0.883 58.59
2010052101 0.8971 54.61
2010052102 0.7629 54.67
2010052103 0.6413 50.87
2010052104 0.5397 55.02
2010052105 0.4803 50.53
2010052106 0.6126 50.62
2010052107 0.9055 50.90
2010052108 1.1288 50.87
2010052109 1.1241 46.71
2010052110 1.3177 47.56
2010052111 1.7714 47.56
2010052112 2.1446 47.86
2010052113 2.5407 47.82
2010052114 2.6953 51.51
2010052115 2.6395 55.20
2010052116 2.0793 59.29
2010052117 1.62 59.03
2010052118 1.3114 59.12
2010052119 1.1206 60.95
2010052120 0.9952 56.29
2010052121 0.8327 55.56
2010052122 0.7208 55.41
2010052123 0.6155 51.40
2010052124 0.5438 51.07
2010052201 0.5609 51.16
2010052202 0.5005 51.27
2010052203 0.4238 47.11
2010052204 0.3974 47.69
2010052205 0.3413 42.85
2010052206 0.3312 47.73
2010052207 0.7615 43.34
2010052208 1.3863 43.41
2010052209 1.9137 43.54
2010052210 1.5552 43.57
2010052211 1.3943 43.75
2010052212 2.0312 43.75
2010052213 1.7665 47.76
2010052214 1.8396 52.33
2010052215 2.345 51.94
2010052216 1.8166 56.52
2010052217 1.3378 56.32
2010052218 1.0825 55.78
2010052219 0.8753 52.32
2010052220 0.7804 51.36
2010052221 0.6751 52.08
2010052222 0.5571 52.30
2010052223 0.4725 52.67
2010052224 0.4276 52.74
2010052301 0.4755 48.23
2010052302 0.3991 48.73
2010052303 0.3449 43.96
2010052304 0.3026 48.28
2010052305 0.2686 43.75
2010052306 0.4497 43.93
2010052307 1.1826 42.95
2010052308 1.8287 41.66
2010052309 2.1393 42.19
2010052310 2.4271 41.41
2010052311 2.6906 42.71
2010052312 2.7287 44.36
2010052313 2.8184 44.55
2010052314 2.8364 44.55
2010052315 2.7254 53.17
2010052316 2.0494 52.96
2010052317 1.7242 58.16
2010052318 1.4433 57.70
2010052319 1.3871 53.06
2010052320 1.1904 53.79
2010052321 1.2303 53.79
2010052322 1.1889 48.85
2010052323 1.121 48.20
2010052324 1.0903 52.51
2010052401 1.2731 53.02
2010052402 1.0835 52.96
2010052403 1.1772 48.79
2010052404 0.9751 48.46
2010052405 0.8983 53.63
2010052406 1.1432 53.42
2010052407 0.9403 49.14
2010052408 1.1374 52.96
2010052409 1.1886 49.07
2010052410 1.455 48.74
2010052411 1.1123 48.74
2010052412 3.0247 53.17
2010052413 3.7793 49.15
2010052414 3.4584 57.61
2010052415 2.4753 58.67
2010052416 3.8817 67.68
2010052417 5.3523 72.17
2010052418 4.2113 85.17
2010052419 2.9572 96.86
2010052420 2.7624 104.83
2010052421 2.2078 108.51
2010052422 2.2633 107.86
2010052423 0.8021 107.86
2010052424 4.33 104.60
2010052501 4.1435 109.70
2010052502 3.0661 110.19
2010052503 4.5966 114.76
2010052504 5.5362 121.50
2010052505 2.5807 120.22
2010052506 2.7926 121.06
2010052507 2.8748 122.29
2010052508 1.1477 121.94
2010052509 1.0006 118.16
2010052510 1.3629 113.93
2010052511 1.2751 104.00
2010052512 1.7927 99.08
2010052513 1.3424 95.08
2010052514 1.1744 89.58
2010052515 2.7704 89.63
2010052516 1.3541 88.19
2010052517 1.2852 85.54
2010052518 0.5434 84.22
2010052519 0.3298 84.22
2010052520 0.3485 80.72
2010052521 0.3255 80.80
2010052522 0.2773 75.55
2010052523 0.2227 75.55
2010052524 0.2568 69.30
2010052601 0.2351 69.64
2010052602 0.2358 69.64
2010052603 0.1423 62.78
2010052604 0.1297 62.40
2010052605 0.1221 61.69
2010052606 0.1981 58.18
2010052607 0.2911 55.98
2010052608 0.3512 58.46
2010052609 0.7595 55.22
2010052610 0.6239 56.17
2010052611 0.766 54.45
2010052612 1.4312 54.09
2010052613 1.2427 52.18
2010052614 1.008 52.74
2010052615 1.1733 54.58
2010052616 0.9897 56.41
2010052617 0.7937 54.77
2010052618 0.5796 57.01
2010052619 0.3826 54.91
2010052620 0.2697 55.97
2010052621 0.2218 53.95
2010052622 0.1815 52.48
2010052623 0.1555 50.71
2010052624 0.1396 50.71
2010052701 0.1309 48.63
2010052702 0.1148 48.27
2010052703 0.1033 47.18
2010052704 0.0958 46.53
2010052705 0.0883 45.81
2010052706 0.0841 45.27
2010052707 0.4211 44.66
2010052708 0.0918 43.65
2010052709 0.5281 43.10
2010052710 0.5114 42.74
2010052711 0.7822 42.74
2010052712 0.7038 43.68
2010052713 0.6756 43.86
2010052714 0.9132 39.35
2010052715 0.919 43.54
2010052716 0.8765 43.68
2010052717 0.6197 44.07
2010052718 0.4657 43.68
2010052719 0.3716 43.29
2010052720 0.3235 43.62
2010052721 0.2888 43.69
2010052722 0.5087 43.34
2010052723 0.1524 43.52
2010052724 0.1407 38.42
2010052801 0.1142 38.42
2010052802 0.1088 37.15
2010052803 0.0901 34.56
2010052804 0.0841 35.80
2010052805 0.0988 35.80
2010052806 0.1417 35.96
2010052807 0.2258 34.71
2010052808 0.3435 34.71
2010052809 0.5563 34.71
2010052810 1.0445 34.71
2010052811 0.8395 34.71
2010052812 1.071 34.71
2010052813 0.7766 35.64
2010052814 0.8135 35.64
2010052815 0.8612 35.64
2010052816 0.5018 38.07
2010052817 0.4326 38.07
2010052818 0.3913 38.07
2010052819 0.2388 37.37
2010052820 0.1832 37.37
2010052821 0.1544 36.89
2010052822 0.1354 34.42
2010052823 0.1136 33.50
2010052824 0.1089 33.50
2010052901 0.0951 32.32
2010052902 0.1203 32.32
2010052903 0.0761 31.56
2010052904 0.0838 31.17
2010052905 0.0629 30.72
2010052906 0.0892 30.33
2010052907 0.1131 30.33
2010052908 0.4589 30.33
2010052909 0.7577 30.33
2010052910 1.0018 29.20
2010052911 1.104 29.20
2010052912 1.134 30.37
2010052913 1.2976 30.37
2010052914 1.275 30.37
2010052915 1.1838 30.37
2010052916 0.9531 36.14
2010052917 0.3948 38.74
2010052918 0.319 38.05
2010052919 0.2563 38.84
2010052920 0.2307 35.67
2010052921 0.1892 35.67
2010052922 0.1923 34.73
2010052923 0.1465 34.73
2010052924 0.1569 31.91
2010053001 0.1232 31.91
2010053002 0.1089 30.46
2010053003 0.097 30.46
2010053004 0.0869 28.91
2010053005 0.0782 27.99
2010053006 0.0708 28.77
2010053007 0.0719 28.00
2010053008 0.1759 27.67
2010053009 0.6495 27.58
2010053010 0.9186 27.58
2010053011 1.0589 27.90
2010053012 1.0343 28.55
2010053013 1.1898 30.39
2010053014 1.1449 30.39
2010053015 1.0309 30.39
2010053016 0.8252 36.07
2010053017 0.3831 37.40
2010053018 0.2764 37.40
2010053019 0.2318 36.26
2010053020 0.1988 36.58
2010053021 0.1726 34.11
2010053022 0.1511 32.73
2010053023 0.1332 31.17
2010053024 0.1182 31.17
2010053101 0.1166 31.17
2010053102 0.1518 31.17
2010053103 0.0893 28.17
2010053104 0.0817 27.64
2010053105 0.0706 26.16
2010053106 0.0776 27.32
2010053107 0.0656 27.32
2010053108 0.1948 27.32
2010053109 0.7161 25.84
2010053110 1.0308 25.84
2010053111 1.2091 25.84
2010053112 1.1953 27.57
2010053113 1.3516 28.34
2010053114 1.3012 28.34
2010053115 1.215 32.29
2010053116 0.7953 32.29
2010053117 0.4369 32.29
2010053118 0.3341 37.20
2010053119 0.2541 36.66
2010053120 0.2099 34.69
2010053121 0.1798 32.32
2010053122 0.1555 30.33
2010053123 0.1356 29.48
2010053124 0.119 29.48
2010060101 0.12 28.06
2010060102 0.1182 27.99
2010060103 0.088 27.99
2010060104 0.0766 25.85
2010060105 0.0672 25.76
2010060106 0.0629 25.76
2010060107 0.1312 26.49
2010060108 0.167 25.42
2010060109 0.5429 24.91
2010060110 0.2686 25.32
2010060111 0.6228 25.93
2010060112 0.8183 25.93
2010060113 0.9231 25.93
2010060114 0.5059 25.93
2010060115 0.4357 27.22
2010060116 0.5009 30.75
2010060117 0.4109 30.75
2010060118 0.292 32.68
2010060119 0.2205 31.10
2010060120 0.1446 31.10
2010060121 0.1376 30.74
2010060122 0.108 28.77
2010060123 0.0813 27.24
2010060124 0.0708 25.76
2010060201 0.0686 26.08
2010060202 0.0775 25.98
2010060203 0.0504 25.01
2010060204 0.0634 24.91
2010060205 0.0392 24.24
2010060206 0.0544 23.96
2010060207 0.0613 23.87
2010060208 0.1398 23.49
2010060209 0.2997 23.69
2010060210 0.4658 24.03
2010060211 0.6236 23.28
2010060212 0.5325 23.22
2010060213 0.4542 23.76
2010060214 0.369 24.30
2010060215 0.4709 25.31
2010060216 0.4354 24.17
2010060217 0.4292 25.21
2010060218 0.3507 24.54
2010060219 0.2736 24.91
2010060220 0.1542 24.34
2010060221 0.1592 24.54
2010060222 0.1278 23.31
2010060223 0.1484 23.28
2010060224 0.1442 23.82
2010060301 0.1125 23.82
2010060302 0.8019 23.23
2010060303 0.0727 22.83
2010060304 0.1005 20.25
2010060305 0.0901 22.50
2010060306 0.0696 21.84
2010060307 0.1597 22.42
2010060308 0.3543 22.42
2010060309 0.3675 22.33
2010060310 0.449 21.68
2010060311 0.3243 21.51
2010060312 0.3612 21.51
2010060313 0.2432 21.51
2010060314 0.2737 22.83
2010060315 0.212 22.90
2010060316 0.1785 22.90
2010060317 1.153 22.57
2010060318 1.2317 23.60
2010060319 0.1399 24.02
2010060320 1.2933 22.83
2010060321 1.985 23.00
2010060322 0.139 23.00
2010060323 0.3413 24.36
2010060324 0.2265 24.09
2010060401 0.2374 23.76
2010060402 0.7151 23.42
2010060403 0.1235 23.50
2010060404 0.1938 22.66
2010060405 0.0935 23.23
2010060406 0.0943 19.25
2010060407 0.1223 21.93
2010060408 0.1607 16.57
2010060409 0.2385 21.93
2010060410 0.469 20.95
2010060411 0.3602 19.98
2010060412 0.5007 21.87
2010060413 0.5238 21.65
2010060414 0.475 22.33
2010060415 0.4375 22.48
2010060416 0.3155 23.10
2010060417 0.286 24.88
2010060418 0.227 24.88
2010060419 0.1727 24.37
2010060420 0.1273 24.37
2010060421 0.1033 24.11
2010060422 0.0897 22.42
2010060423 0.0934 21.18
2010060424 0.0776 21.41
2010060501 0.0455 20.42
2010060502 0.0501 20.75
2010060503 0.03 20.51
2010060504 0.0379 19.87
2010060505 0.022 20.09
2010060506 0.043 20.87
2010060507 0.1438 20.29
2010060508 0.4575 20.61
2010060509 0.6348 19.61
2010060510 0.7842 20.10
2010060511 0.7725 19.60
2010060512 0.8115 21.69
2010060513 0.9315 21.48
2010060514 0.916 22.99
2010060515 0.6316 23.17
2010060516 0.5231 24.03
2010060517 0.3679 24.03
2010060518 0.2605 25.46
2010060519 0.1963 23.95
2010060520 0.1301 23.95
2010060521 0.1356 23.11
2010060522 0.1642 21.75
2010060523 0.1232 20.54
2010060524 0.0991 20.09
2010060601 0.0571 20.21
2010060602 0.0397 19.41
2010060603 0.0259 19.34
2010060604 0.0206 19.67
2010060605 0.0194 18.05
2010060606 0.0682 19.74
2010060607 0.2937 19.74
2010060608 0.395 19.01
2010060609 0.4818 17.09
2010060610 0.578 18.85
2010060611 0.6599 19.59
2010060612 0.6712 19.41
2010060613 0.7249 18.14
2010060614 0.6974 21.60
2010060615 0.5951 22.50
2010060616 0.4915 24.14
2010060617 0.2813 24.14
2010060618 0.1887 26.40
2010060619 0.2285 26.40
2010060620 0.2026 23.98
2010060621 0.1737 23.98
2010060622 0.0592 20.70
2010060623 0.084 19.08
2010060624 0.0428 19.67
2010060701 0.0307 18.31
2010060702 0.0176 19.67
2010060703 0.0152 19.34
2010060704 0.0118 19.53
2010060705 0.0102 16.88
2010060706 0.0537 18.66
2010060707 0.2109 16.93
2010060708 0.3394 18.12
2010060709 0.4819 18.65
2010060710 0.5529 18.12
2010060711 0.57 18.31
2010060712 0.5242 17.95
2010060713 0.6083 19.03
2010060714 0.5692 19.91
2010060715 0.4928 20.79
2010060716 0.3247 20.79
2010060717 0.0869 22.50
2010060718 0.0786 22.50
2010060719 0.0531 21.81
2010060720 0.0243 21.81
2010060721 0.0439 18.35
2010060722 0.038 17.89
2010060723 0.0273 16.79
2010060724 0.045 18.08
2010060801 0.0112 17.77
2010060802 0.0076 16.12
2010060803 0.0061 16.96
2010060804 0.0052 16.79
2010060805 0.0084 17.26
2010060806 0.0752 15.65
2010060807 0.1632 17.01
2010060808 0.2443 17.57
2010060809 0.2927 14.30
2010060810 0.3265 14.30
2010060811 0.3584 16.71
2010060812 0.356 16.86
2010060813 0.3634 17.57
2010060814 0.3468 18.15
2010060815 0.2797 18.15
2010060816 0.1736 19.04
2010060817 0.0688 19.41
2010060818 0.0575 19.22
2010060819 0.0259 18.85
2010060820 0.0304 18.85
2010060821 0.0431 17.15
2010060822 0.0227 17.31
2010060823 0.0122 16.47
2010060824 0.0104 16.79
2010060901 0.0069 16.79
2010060902 0.0071 16.22
2010060903 0.0055 16.18
2010060904 0.0054 15.61
2010060905 0.0141 16.01
2010060906 0.0495 14.61
2010060907 0.1054 15.92
2010060908 0.1655 15.92
2010060909 0.1955 16.06
2010060910 0.2315 16.06
2010060911 0.2118 15.88
2010060912 0.1327 15.88
2010060913 0.2058 15.74
2010060914 0.186 16.46
2010060915 0.1833 17.20
2010060916 0.1608 17.23
2010060917 0.0776 16.93
2010060918 0.0494 16.78
2010060919 0.0284 16.16
2010060920 0.0414 16.93
2010060921 0.0813 16.46
2010060922 0.0699 16.03
2010060923 0.0647 15.89
2010060924 0.0258 15.33
2010061001 0.0071 15.33
2010061002 0.0062 14.87
2010061003 0.011 14.87
2010061004 0.0034 14.87
2010061005 0.0139 14.87
2010061006 0.0238 14.87
2010061007 0.0842 14.49
2010061008 0.1177 14.62
2010061009 0.1431 13.70
2010061010 0.1333 13.70
2010061011 0.1868 13.70
2010061012 0.1812 14.62
2010061013 0.1946 14.25
2010061014 0.1725 14.98
2010061015 0.1536 15.45
2010061016 0.1093 15.79
2010061017 0.0486 15.53
2010061018 0.0324 16.58
2010061019 0.023 16.58
2010061020 0.0157 15.00
2010061021 0.0351 15.40
2010061022 0.0363 14.69
2010061023 0.0265 14.69
2010061024 0.0291 14.69
2010061101 0.0104 14.69
2010061102 0.0111 13.36
2010061103 0.0085 13.36
2010061104 0.0078 13.59
2010061105 0.0053 13.37
2010061106 0.009 13.80
2010061107 0.0214 13.80
2010061108 0.0356 13.42
2010061109 0.0509 13.83
2010061110 0.0641 13.83
2010061111 0.0701 13.62
2010061112 0.0717 13.62
2010061113 0.0535 13.52
2010061114 0.0484 13.72
2010061115 0.0291 14.24
2010061116 0.0232 14.13
2010061117 0.0227 13.70
2010061118 0.0205 13.80
2010061119 0.0146 13.80
2010061120 0.006 13.80
2010061121 0.0077 13.42
2010061122 0.0112 13.29
2010061123 0.0122 13.69
2010061124 0.0058 13.49
2010061201 0.003 13.49
2010061202 0.0026 13.49
2010061203 0.001 12.69
2010061204 0.002 12.69
2010061205 0.0006 12.69
2010061206 0.0042 12.69
2010061207 0.0116 12.69
2010061208 0.0195 12.69
2010061209 0.0252 12.46
2010061210 0.0279 12.46
2010061211 0.0329 12.46
2010061212 0.0322 12.65
2010061213 0.0344 12.65
2010061214 0.032 12.74
2010061215 0.0303 13.26
2010061216 0.0215 12.97
2010061217 0.0108 12.97
2010061218 0.0091 12.97
2010061219 0.0058 13.39
2010061220 0.0031 12.68
2010061221 0.0039 12.97
2010061222 0.0036 12.97
2010061223 0.0035 12.46
2010061224 0.0029 12.46
2010061301 0.0003 11.16
2010061302 0.0003 11.38
2010061303 0.0003 12.07
2010061304 0.0003 12.07
2010061305 0.0003 12.16
2010061306 0.0003 11.59
2010061307 0.0003 11.73
2010061308 0.0003 11.34
2010061309 0.0003 11.93
2010061310 0.0003 11.17
2010061311 0.0003 11.26
2010061312 0.0003 11.68
2010061313 0.0003 11.51
2010061314 0.0003 10.50
2010061315 0.0003 11.59
2010061316 0.0003 13.45
2010061317 0.0003 12.38
2010061318 0.0003 11.85
2010061319 0.0003 12.21
2010061320 0.0003 12.21
2010061321 0.0003 11.59
2010061322 0.0003 11.76
2010061323 0.0003 11.42
2010061324 0.0003 11.42
2010061401 0.0003 10.77
2010061402 0.0003 10.06
2010061403 0.0003 10.63
2010061404 0.0003 10.17
2010061405 0.0003 10.71
2010061406 0.0003 10.48
2010061407 0.0003 10.40
2010061408 0.0003 10.40
2010061409 0.0003 10.79
2010061410 0.0003 10.86
2010061411 0.0003 10.86
2010061412 0.0003 10.86
2010061413 0.0003 10.86
2010061414 0.0003 10.86
2010061415 0.0003 10.86
2010061416 0.0003 11.10
2010061417 0.0003 11.04
2010061418 0.0003 10.63
2010061419 0.0003 11.25
2010061420 0.0003 11.56
2010061421 0.0003 11.17
2010061422 0.0003 10.17
2010061423 0.0003 9.28
2010061424 0.0003 9.44
2010061501 0.0003 9.80
2010061502 0.0003 10.44
2010061503 0.0003 10.22
2010061504 0.0003 10.30
2010061505 0.0003 9.30
2010061506 0.0003 8.60
2010061507 0.0003 9.54
2010061508 0.0003 9.95
2010061509 0.0003 9.95
2010061510 0.0003 10.42
2010061511 0.0003 10.01
2010061512 0.0003 9.94
2010061513 0.0003 9.65
2010061514 0.0003 4.90
2010061515 0.0003 10.08
2010061516 0.0003 10.43
2010061517 0.0003 10.57
2010061518 0.0003 9.15
2010061519 0.0003 9.65
2010061520 0.0003 10.37
2010061521 0.0003 4.62
2010061522 0.0003 9.01
2010061523 0.0003 8.94
2010061524 0.0003 9.26
2010061601 0.0003 9.20
2010061602 0.0003 9.33
2010061603 0.0003 9.20
2010061604 0.0003 8.41
2010061605 0.0003 8.28
2010061606 0.0003 8.54
2010061607 0.0003 8.87
2010061608 0.0003 10.64
2010061609 0.5003 9.92
2010061610 0.2003 9.33
2010061611 0.0003 9.13
2010061612 0.0003 9.07
2010061613 0.0003 8.67
2010061614 0.8003 9.26
2010061615 0.6003 9.66
2010061616 0.7003 9.86
2010061617 1.8003 10.12
2010061618 2.2003 10.42
2010061619 2.3003 10.73
2010061620 3.9003 11.96
2010061621 4.2003 14.38
2010061622 2.7003 15.75
2010061623 2.1003 18.03
2010061624 2.0003 18.03
2010061701 1.6 16.46
2010061702 0.3 15.34
2010061703 0 15.34
2010061704 0.1 13.92
2010061705 0.1 13.03
2010061706 0 13.03
2010061707 0.4 11.42
2010061708 0 11.42
2010061709 0.1 10.29
2010061710 0.3 9.77
2010061711 0.1 10.89
2010061712 0 10.22
2010061713 0.3 9.14
2010061714 0 9.14
2010061715 0 10.55
2010061716 0 10.69
2010061717 0 10.17
2010061718 0.2 9.82
2010061719 0 8.79
2010061720 0.2 10.10
2010061721 0 9.14
2010061722 0 8.60
2010061723 0 9.14
2010061724 0 9.14
2010061801 0 8.43
2010061802 0 8.98
2010061803 0 9.04
2010061804 0 9.23
2010061805 0 9.23
2010061806 0.1 8.18
2010061807 0 8.98
2010061808 0 8.00
2010061809 0.2 8.92
2010061810 0 9.26
2010061811 0 8.65
2010061812 0 9.08
2010061813 0 7.75
2010061814 0 8.41
2010061815 0 9.02
2010061816 0 5.41
2010061817 0 9.08
2010061818 0 8.65
2010061819 0 7.57
2010061820 0 9.20
2010061821 0 8.47
2010061822 0 8.17
2010061823 0 8.47
2010061824 0 8.47
2010061901 0 7.87
2010061902 0 7.92
2010061903 0 7.78
2010061904 0 8.06
2010061905 0 8.21
2010061906 0 8.21
2010061907 0 8.00
2010061908 0 8.44
2010061909 0 8.55
2010061910 0 8.06
2010061911 0 8.27
2010061912 0 8.17
2010061913 0 7.01
2010061914 0 8.49
2010061915 0 8.11
2010061916 0 7.95
2010061917 0 8.10
2010061918 0 7.92
2010061919 0 6.19
2010061920 0 9.21
2010061921 0 7.84
2010061922 0 5.21
2010061923 0 7.78
2010061924 0 7.67
2010062001 0 7.78
2010062002 0 7.84
2010062003 0 7.84
2010062004 0 6.47
2010062005 0 7.10
2010062006 0 6.13
2010062007 0 7.27
2010062008 0 7.62
2010062009 0 7.52
2010062010 0 7.97
2010062011 0 8.19
2010062012 0 7.06
2010062013 0 7.76
2010062014 0 7.81
2010062015 0 7.81
2010062016 0 6.53
2010062017 0 6.26
2010062018 0 6.53
2010062019 0 7.97
2010062020 0 7.57
2010062021 0 7.52
2010062022 0 6.97
2010062023 0 6.92
2010062024 0 7.02
2010062101 0 7.12
2010062102 0 7.12
2010062103 0 7.42
2010062104 0 7.12
2010062105 0 7.37
2010062106 0 7.37
2010062107 0 7.17
2010062108 0 6.97
2010062109 0 7.67
2010062110 0 7.67
2010062111 0 7.32
2010062112 0 6.94
2010062113 0 7.42
2010062114 0 6.69
2010062115 0 7.28
2010062116 0 7.32
2010062117 0 7.23
2010062118 0 7.18
2010062119 0 5.77
2010062120 0 6.06
2010062121 0 6.06
2010062122 0 6.84
2010062123 0 6.94
2010062124 0 6.72
2010062201 0 6.72
2010062202 0 7.57
2010062203 0 6.77
2010062204 0 6.54
2010062205 0 6.77
2010062206 0 6.77
2010062207 0 6.99
2010062208 0 6.90
2010062209 0 7.35
2010062210 0 7.13
2010062211 0 6.58
2010062212 0 6.45
2010062213 0 5.63
2010062214 0 7.23
2010062215 0 6.74
2010062216 0 6.35
2010062217 0 6.35
2010062218 0 7.13
2010062219 0 6.11
2010062220 0 6.60
2010062221 0 6.66
2010062222 0 5.65
2010062223 0 6.22
2010062224 0 6.40
2010062301 0 5.52
2010062302 0 6.26
2010062303 0.3 6.48
2010062304 0 6.61
2010062305 1 6.31
2010062306 0 6.53
2010062307 0 6.53
2010062308 0 7.08
2010062309 0 6.27
2010062310 0 7.40
2010062311 0 7.05
2010062312 0 6.31
2010062313 0 5.26
2010062314 0 6.13
2010062315 0 0.26
2010062316 0 6.88
2010062317 0 6.31
2010062318 3.7 6.39
2010062319 1.7 7.53
2010062320 3.5 7.08
2010062321 7.4 10.37
2010062322 5.5 12.36
2010062323 0.4 15.74
2010062324 0 16.63
2010062401 0.1 14.64
2010062402 0 13.39
2010062403 0 11.45
2010062404 0 10.69
2010062405 0 9.63
2010062406 0 9.25
2010062407 0.3 8.24
2010062408 0.8 8.04
2010062409 1.5 8.57
2010062410 0 8.57
2010062411 0 8.95
2010062412 0 8.12
2010062413 0 7.14
2010062414 0.6 9.22
2010062415 0.2 8.47
2010062416 1 8.24
2010062417 0 7.04
2010062418 0 6.67
2010062419 0 8.30
2010062420 0 8.14
2010062421 0 8.09
2010062422 0 6.67
2010062423 0 5.57
2010062424 0 5.53
2010062501 0 7.01
2010062502 0.1 7.01
2010062503 0 6.96
2010062504 0 6.77
2010062505 0 6.96
2010062506 0 7.01
2010062507 0 7.05
2010062508 0 7.15
2010062509 0 6.91
2010062510 0 6.87
2010062511 0 7.10
2010062512 0 7.10
2010062513 0 5.75
2010062514 0 6.45
2010062515 0 6.86
2010062516 0 6.86
2010062517 0 6.31
2010062518 0 5.82
2010062519 0 5.86
2010062520 0 7.67
2010062521 0 6.40
2010062522 0 5.32
2010062523 0 5.59
2010062524 0 6.00
2010062601 0 6.72
2010062602 0 6.45
2010062603 0 6.23
2010062604 0 6.40
2010062605 0 6.28
2010062606 0 6.12
2010062607 0 6.24
2010062608 0 6.36
2010062609 0 6.84
2010062610 0 6.84
2010062611 0 6.88
2010062612 0 7.01
2010062613 0 5.56
2010062614 0 6.13
2010062615 0 6.13
2010062616 0 6.26
2010062617 0 4.99
2010062618 0 5.08
2010062619 0 4.82
2010062620 0 4.95
2010062621 0 5.71
2010062622 0 5.22
2010062623 0 5.63
2010062624 0 6.24
2010062701 0 6.44
2010062702 0 6.16
2010062703 0 6.03
2010062704 0 6.28
2010062705 0 6.03
2010062706 0 5.82
2010062707 0 6.01
2010062708 0 6.01
2010062709 0 6.28
2010062710 0 6.09
2010062711 0 6.17
2010062712 0 5.74
2010062713 0 5.66
2010062714 0 5.78
2010062715 0 6.29
2010062716 0 5.62
2010062717 0 4.68
2010062718 0 4.68
2010062719 0 6.80
2010062720 0 6.45
2010062721 0 6.48
2010062722 0 6.48
2010062723 0 4.48
2010062724 0 6.01
2010062801 0 5.70
2010062802 0 5.97
2010062803 0 6.01
2010062804 0 5.74
2010062805 0 5.50
2010062806 0 5.86
2010062807 0.3 5.55
2010062808 0 5.92
2010062809 0 5.92
2010062810 0 6.76
2010062811 0 5.78
2010062812 0 5.70
2010062813 0 4.48
2010062814 0 6.33
2010062815 0 5.23
2010062816 0 4.21
2010062817 0 5.15
2010062818 0 5.54
2010062819 0 5.68
2010062820 0 5.26
2010062821 0 4.19
2010062822 0 4.19
2010062823 0 4.19
2010062824 0 4.77
2010062901 0 4.88
2010062902 0 4.88
2010062903 0 5.48
2010062904 0 5.19
2010062905 0 5.05
2010062906 0 4.77
2010062907 0 4.98
2010062908 0 5.23
2010062909 0 5.58
2010062910 0 5.44
2010062911 0 5.58
2010062912 0 5.72
2010062913 0 4.88
2010062914 0 6.13
2010062915 0 5.69
2010062916 0 3.83
2010062917 0 4.00
2010062918 0 4.18
2010062919 0 4.67
2010062920 0 6.11
2010062921 0 5.44
2010062922 0 4.14
2010062923 0 4.18
2010062924 0 4.21
2010063001 0 4.77
2010063002 0.5 4.77
2010063003 0.4 5.05
2010063004 0 4.98
2010063005 0 4.95
2010063006 0 4.88
2010063007 0 5.05
2010063008 0 5.05
2010063009 0 4.97
2010063010 0 6.00
2010063011 0 6.39
2010063012 0 5.41
2010063013 0 4.04
2010063014 0 6.32
2010063015 0 6.39
2010063016 0 4.11
2010063017 0 4.11
2010063018 0 4.11
2010063019 0 4.60
2010063020 0 5.44
2010063021 0 4.42
2010063022 0 4.00
2010063023 0 4.14
2010063024 0 4.56
