2000030101 0.0417 2.59
2000030102 0.0417 3.07
2000030103 0.0417 3.49
2000030104 0.0417 1.98
2000030105 0.0417 1.77
2000030106 0.0417 1.86
2000030107 0.0417 3.17
2000030108 0.0417 2.76
2000030109 0.0417 3.82
2000030110 0.0417 3.32
2000030111 0.0417 1.50
2000030112 0.0417 1.63
2000030113 0.0417 1.65
2000030114 0.0417 1.63
2000030115 0.0417 2.05
2000030116 0.0417 2.30
2000030117 0.0417 2.27
2000030118 0.0417 2.50
2000030119 0.0417 2.96
2000030120 0.0417 2.82
2000030121 0.0417 1.71
2000030122 0.0417 2.00
2000030123 0.0417 3.72
2000030124 0.0417 4.19
2000030201 0.0417 3.01
2000030202 0.0417 1.32
2000030203 0.0417 1.61
2000030204 0.0417 1.42
2000030205 0.0417 1.46
2000030206 0.0417 2.09
2000030207 0.0417 2.30
2000030208 0.0417 2.61
2000030209 0.0417 3.63
2000030210 0.0417 2.94
2000030211 0.0417 3.42
2000030212 0.0417 1.71
2000030213 0.0417 1.86
2000030214 0.0417 1.94
2000030215 0.0417 1.90
2000030216 0.0417 2.02
2000030217 0.0417 2.23
2000030218 0.0417 2.17
2000030219 0.0417 3.94
2000030220 0.0417 0.52
2000030221 0.0417 3.48
2000030222 0.0417 2.30
2000030223 0.0417 2.88
2000030224 0.0417 2.63
2000030301 0.0417 2.67
2000030302 0.0417 2.07
2000030303 0.0417 1.15
2000030304 0.0417 1.46
2000030305 0.0417 1.61
2000030306 0.0417 1.83
2000030307 0.0417 2.17
2000030308 0.0417 3.08
2000030309 0.0417 2.38
2000030310 0.0417 1.79
2000030311 0.0417 2.80
2000030312 0.0417 1.15
2000030313 0.0417 1.34
2000030314 0.0417 1.77
2000030315 0.0417 1.75
2000030316 0.0417 2.38
2000030317 0.0417 2.49
2000030318 0.0417 3.34
2000030319 0.0417 4.10
2000030320 0.0417 3.38
2000030321 0.0417 2.30
2000030322 0.0417 0.40
2000030323 0.0417 2.09
2000030324 0.0417 2.67
2000030401 0.0417 1.85
2000030402 0.0417 2.16
2000030403 0.0417 2.82
2000030404 0.0417 1.48
2000030405 0.0417 1.65
2000030406 0.0417 1.55
2000030407 0.0417 1.93
2000030408 0.0417 2.86
2000030409 0.0417 4.14
2000030410 0.0417 1.81
2000030411 0.0417 1.78
2000030412 0.0417 1.42
2000030413 0.0417 1.59
2000030414 0.0417 2.03
2000030415 0.0417 2.85
2000030416 0.0417 2.74
2000030417 0.0417 2.55
2000030418 0.0417 2.54
2000030419 0.0417 3.28
2000030420 0.0417 1.40
2000030421 0.0417 1.48
2000030422 0.0417 4.24
2000030423 0.0417 4.36
2000030424 0.0417 2.57
2000030501 0.0417 2.05
2000030502 0.0417 0.51
2000030503 0.0417 1.50
2000030504 0.0417 2.70
2000030505 0.0417 2.75
2000030506 0.0417 2.55
2000030507 0.0417 2.59
2000030508 0.0417 2.59
2000030509 0.0417 3.06
2000030510 0.0417 3.12
2000030511 0.0417 1.61
2000030512 0.0417 1.45
2000030513 0.0417 1.82
2000030514 0.0417 1.20
2000030515 0.0417 1.50
2000030516 0.0417 1.68
2000030517 0.0417 2.37
2000030518 0.0417 2.95
2000030519 0.0417 3.16
2000030520 0.0417 1.38
2000030521 0.0417 3.29
2000030522 0.0417 3.61
2000030523 0.0417 1.37
2000030524 0.0417 2.81
2000030601 0.0417 0.79
2000030602 0.0417 1.15
2000030603 0.0417 1.62
2000030604 0.0417 1.71
2000030605 0.0417 2.31
2000030606 0.0417 2.16
2000030607 0.0417 2.22
2000030608 0.0417 1.26
2000030609 0.0417 2.29
2000030610 0.0417 1.30
2000030611 0.0417 1.20
2000030612 0.0417 1.57
2000030613 0.0417 0.61
2000030614 0.0417 1.70
2000030615 0.0417 2.06
2000030616 0.0417 2.64
2000030617 0.0417 3.16
2000030618 0.0417 0.86
2000030619 0.0417 1.59
2000030620 0.0417 1.22
2000030621 0.0417 1.25
2000030622 0.0417 3.91
2000030623 0.0417 1.77
2000030624 0.0417 1.34
2000030701 0.0417 1.46
2000030702 0.0417 2.17
2000030703 0.0417 2.08
2000030704 0.0417 2.39
2000030705 0.0417 2.43
2000030706 0.0417 2.51
2000030707 0.0417 3.24
2000030708 0.0417 1.68
2000030709 0.0417 3.41
2000030710 0.0417 1.60
2000030711 0.0417 1.86
2000030712 0.0417 2.69
2000030713 0.0417 3.65
2000030714 0.0417 4.36
2000030715 0.0417 4.78
2000030716 0.0417 9.12
2000030717 0.0417 9.26
2000030718 0.0417 9.14
2000030719 0.0417 0.29
2000030720 0.0417 1.14
2000030721 0.0417 0.55
2000030722 0.0417 2.09
2000030723 0.0417 2.27
2000030724 0.0417 0.32
2000030801 0.0417 0.00
2000030802 0.0417 0.00
2000030803 0.0417 1.44
2000030804 0.0417 0.18
2000030805 0.0417 0.36
2000030806 0.0417 0.99
2000030807 0.0417 1.62
2000030808 0.0417 2.17
2000030809 0.0417 3.19
2000030810 0.0417 0.12
2000030811 0.0417 0.83
2000030812 0.0417 0.03
2000030813 0.0417 0.00
2000030814 0.0417 0.89
2000030815 0.0417 0.01
2000030816 0.0417 1.93
2000030817 0.0417 0.21
2000030818 0.0417 0.99
2000030819 0.0417 0.47
2000030820 0.0417 0.00
2000030821 0.0417 0.06
2000030822 0.0417 1.11
2000030823 0.0417 0.83
2000030824 0.0417 0.83
2000030901 0.0417 0.31
2000030902 0.0417 1.00
2000030903 0.0417 0.48
2000030904 0.0417 0.40
2000030905 0.0417 0.19
2000030906 0.0417 0.19
2000030907 0.0417 0.19
2000030908 0.0417 0.19
2000030909 0.0417 0.19
2000030910 0.0417 0.19
2000030911 0.0417 0.46
2000030912 0.0417 2.18
2000030913 0.0417 1.50
2000030914 0.0417 2.97
2000030915 0.0417 2.15
2000030916 0.0417 1.94
2000030917 0.0417 3.16
2000030918 0.0417 3.16
2000030919 0.0417 3.16
2000030920 0.0417 3.16
2000030921 0.0417 3.16
2000030922 0.0417 3.16
2000030923 0.0417 3.16
2000030924 0.0417 3.16
2000031001 0.0417 3.16
2000031002 0.0417 3.16
2000031003 0.0417 3.16
2000031004 0.0417 3.16
2000031005 0.0417 3.16
2000031006 0.0417 3.16
2000031007 0.0417 3.16
2000031008 0.0417 3.16
2000031009 0.0417 3.16
2000031010 0.0417 3.16
2000031011 0.0417 3.16
2000031012 0.0417 3.16
2000031013 0.0417 3.16
2000031014 0.0417 3.16
2000031015 0.0417 3.16
2000031016 0.0417 3.16
2000031017 0.0417 3.16
2000031018 0.0417 3.16
2000031019 0.0417 3.16
2000031020 0.0417 3.16
2000031021 0.0417 3.16
2000031022 0.0417 3.16
2000031023 0.0417 3.16
2000031024 0.0417 3.16
2000031101 0.0417 3.16
2000031102 0.0417 3.16
2000031103 0.0417 3.16
2000031104 0.0417 3.16
2000031105 0.0417 3.16
2000031106 0.0417 3.16
2000031107 0.0417 3.16
2000031108 0.0417 3.16
2000031109 0.0417 3.16
2000031110 0.0417 3.16
2000031111 0.0417 3.16
2000031112 0.0417 3.16
2000031113 0.0417 3.16
2000031114 0.0417 3.16
2000031115 0.0417 3.16
2000031116 0.0417 3.16
2000031117 0.0417 3.16
2000031118 0.0417 3.16
2000031119 0.0417 3.16
2000031120 0.0417 3.16
2000031121 0.0417 3.16
2000031122 0.0417 3.16
2000031123 0.0417 3.16
2000031124 0.0417 3.16
2000031201 0.0417 3.16
2000031202 0.0417 3.16
2000031203 0.0417 3.16
2000031204 0.0417 3.16
2000031205 0.0417 3.16
2000031206 0.0417 3.16
2000031207 0.0417 3.16
2000031208 0.0417 3.16
2000031209 0.0417 3.16
2000031210 0.0417 3.16
2000031211 0.0417 3.16
2000031212 0.0417 3.16
2000031213 0.0417 3.16
2000031214 0.0417 3.16
2000031215 0.0417 3.16
2000031216 0.0417 3.16
2000031217 0.0417 3.16
2000031218 0.0417 3.16
2000031219 0.0417 3.16
2000031220 0.0417 3.16
2000031221 0.0417 3.16
2000031222 0.0417 3.16
2000031223 0.0417 3.16
2000031224 0.0417 3.16
2000031301 0.0417 3.16
2000031302 0.0417 3.16
2000031303 0.0417 3.16
2000031304 0.0417 3.16
2000031305 0.0417 3.16
2000031306 0.0417 3.16
2000031307 0.0417 3.16
2000031308 0.0417 3.16
2000031309 0.0417 3.16
2000031310 0.0417 3.16
2000031311 0.0417 3.16
2000031312 0.0417 3.16
2000031313 0.0417 3.16
2000031314 0.0417 3.16
2000031315 0.0417 3.16
2000031316 0.0417 3.16
2000031317 0.0417 3.16
2000031318 0.0417 3.16
2000031319 0.0417 3.16
2000031320 0.0417 3.16
2000031321 0.0417 3.16
2000031322 0.0417 3.16
2000031323 0.0417 3.16
2000031324 0.0417 3.16
2000031401 0.0417 3.16
2000031402 0.0417 3.16
2000031403 0.0417 3.16
2000031404 0.0417 3.16
2000031405 0.0417 3.16
2000031406 0.0417 3.16
2000031407 0.0417 3.16
2000031408 0.0417 3.16
2000031409 0.0417 3.16
2000031410 0.0417 3.16
2000031411 0.0417 3.16
2000031412 0.0417 3.16
2000031413 0.0417 3.16
2000031414 0.0417 3.16
2000031415 0.0417 3.16
2000031416 0.0417 3.16
2000031417 0.0417 3.16
2000031418 0.0417 3.16
2000031419 0.0417 3.16
2000031420 0.0417 3.16
2000031421 0.0417 3.16
2000031422 0.0417 3.16
2000031423 0.0417 3.16
2000031424 0.0417 3.16
2000031501 0.0417 3.16
2000031502 0.0417 3.16
2000031503 0.0417 3.16
2000031504 0.0417 3.16
2000031505 0.0417 3.16
2000031506 0.0417 3.16
2000031507 0.0417 3.16
2000031508 0.0417 3.16
2000031509 0.0417 3.16
2000031510 0.0417 3.16
2000031511 0.0417 3.16
2000031512 0.0417 3.16
2000031513 0.0417 3.16
2000031514 0.0417 3.16
2000031515 0.0417 3.16
2000031516 0.0417 3.16
2000031517 0.0417 3.16
2000031518 0.0417 3.16
2000031519 0.0417 3.80
2000031520 0.0417 3.69
2000031521 0.0417 1.70
2000031522 0.0417 2.57
2000031523 0.0417 4.97
2000031524 0.0417 5.67
2000031601 0.0417 5.09
2000031602 0.0417 4.45
2000031603 0.0417 4.27
2000031604 0.0417 3.39
2000031605 0.0417 4.62
2000031606 0.0417 5.85
2000031607 0.0417 4.68
2000031608 0.0417 0.00
2000031609 0.0417 1.23
2000031610 0.0417 3.06
2000031611 0.0417 2.94
2000031612 0.0417 2.77
2000031613 0.0417 2.94
2000031614 0.0417 2.79
2000031615 0.0417 2.86
2000031616 0.0417 3.57
2000031617 0.0417 3.49
2000031618 0.0417 2.77
2000031619 0.0417 2.86
2000031620 0.0417 2.82
2000031621 0.0417 2.51
2000031622 0.0417 2.71
2000031623 0.0417 2.62
2000031624 0.0417 2.86
2000031701 0.0417 2.92
2000031702 0.0417 3.12
2000031703 0.0417 2.65
2000031704 0.0417 2.47
2000031705 0.0417 2.36
2000031706 0.0417 2.71
2000031707 0.0417 2.32
2000031708 0.0417 2.41
2000031709 0.0417 2.62
2000031710 0.0417 2.90
2000031711 0.0417 3.00
2000031712 0.0417 2.79
2000031713 0.0417 2.45
2000031714 0.0417 2.69
2000031715 0.0417 2.82
2000031716 0.0417 3.00
2000031717 0.0417 2.59
2000031718 0.0417 2.26
2000031719 0.0417 2.39
2000031720 0.0417 2.49
2000031721 0.0417 2.60
2000031722 0.0417 2.19
2000031723 0.0417 2.37
2000031724 0.0417 2.28
2000031801 0.0417 2.30
2000031802 0.0417 2.67
2000031803 0.0417 2.67
2000031804 0.0417 2.21
2000031805 0.0417 2.28
2000031806 0.0417 2.67
2000031807 0.0417 2.57
2000031808 0.0417 2.15
2000031809 0.0417 2.07
2000031810 0.0417 2.00
2000031811 0.0417 1.94
2000031812 0.0417 2.04
2000031813 0.0417 2.20
2000031814 0.0417 2.41
2000031815 0.0417 2.33
2000031816 0.0417 2.56
2000031817 0.0417 2.79
2000031818 0.0417 2.79
2000031819 0.0417 2.49
2000031820 0.0417 2.37
2000031821 0.0417 2.26
2000031822 0.0417 2.26
2000031823 0.0417 2.22
2000031824 0.0417 2.43
2000031901 0.0417 2.22
2000031902 0.0417 2.22
2000031903 0.0417 2.26
2000031904 0.0417 2.49
2000031905 0.0417 2.67
2000031906 0.0417 2.20
2000031907 0.0417 2.16
2000031908 0.0417 2.20
2000031909 0.0417 2.08
2000031910 0.0417 1.98
2000031911 0.0417 2.02
2000031912 0.0417 2.02
2000031913 0.0417 2.26
2000031914 0.0417 2.32
2000031915 0.0417 2.51
2000031916 0.0417 2.66
2000031917 0.0417 2.37
2000031918 0.0417 2.30
2000031919 0.0417 2.28
2000031920 0.0417 2.21
2000031921 0.0417 2.03
2000031922 0.0417 2.06
2000031923 0.0417 1.91
2000031924 0.0417 1.98
2000032001 0.0417 2.03
2000032002 0.0417 2.37
2000032003 0.0417 2.36
2000032004 0.0417 2.43
2000032005 0.0417 2.06
2000032006 0.0417 2.03
2000032007 0.0417 2.10
2000032008 0.0417 2.10
2000032009 0.0417 2.08
2000032010 0.0417 2.01
2000032011 0.0417 1.82
2000032012 0.0417 1.98
2000032013 0.0417 2.53
2000032014 0.0417 3.08
2000032015 0.0417 1.43
2000032016 0.0417 1.18
2000032017 0.0417 2.62
2000032018 0.0417 2.36
2000032019 0.0417 2.10
2000032020 0.0417 1.99
2000032021 0.0417 1.85
2000032022 0.0417 1.85
2000032023 0.0417 1.87
2000032024 0.0417 2.03
2000032101 0.0417 2.03
2000032102 0.0417 2.28
2000032103 0.0417 2.37
2000032104 0.0417 2.01
2000032105 0.0417 1.99
2000032106 0.0417 2.01
2000032107 0.0417 1.95
2000032108 0.0417 1.95
2000032109 0.0417 1.96
2000032110 0.0417 1.96
2000032111 0.0417 1.84
2000032112 0.0417 1.81
2000032113 0.0417 2.06
2000032114 0.0417 2.32
2000032115 0.0417 2.68
2000032116 0.0417 2.53
2000032117 0.0417 2.09
2000032118 0.0417 2.26
2000032119 0.0417 2.29
2000032120 0.0417 2.28
2000032121 0.0417 2.15
2000032122 0.0417 2.09
2000032123 0.0417 2.10
2000032124 0.0417 2.01
2000032201 0.0417 2.37
2000032202 0.0417 2.62
2000032203 0.0417 2.26
2000032204 0.0417 2.09
2000032205 0.0417 2.07
2000032206 0.0417 2.04
2000032207 0.0417 1.99
2000032208 0.0417 2.09
2000032209 0.0417 2.17
2000032210 0.0417 2.07
2000032211 0.0417 1.95
2000032212 0.0417 1.96
2000032213 0.0417 2.65
2000032214 0.0417 2.70
2000032215 0.0417 2.26
2000032216 0.0417 2.09
2000032217 0.0417 2.07
2000032218 0.0417 2.14
2000032219 0.0417 2.14
2000032220 0.0417 2.17
2000032221 0.0417 2.25
2000032222 0.0417 2.28
2000032223 0.0417 2.15
2000032224 0.0417 2.42
2000032301 0.0417 2.48
2000032302 0.0417 2.29
2000032303 0.0417 2.01
2000032304 0.0417 1.99
2000032305 0.0417 1.99
2000032306 0.0417 2.08
2000032307 0.0417 1.94
2000032308 0.0417 1.86
2000032309 0.0417 2.02
2000032310 0.0417 1.93
2000032311 0.0417 2.04
2000032312 0.0417 1.86
2000032313 0.0417 2.26
2000032314 0.0417 2.51
2000032315 0.0417 2.10
2000032316 0.0417 0.80
2000032317 0.0417 2.70
2000032318 0.0417 2.83
2000032319 0.0417 2.28
2000032320 0.0417 3.30
2000032321 0.0417 2.53
2000032322 0.0417 2.39
2000032323 0.0417 2.18
2000032324 0.0417 2.15
2000032401 0.0417 2.54
2000032402 0.0417 2.51
2000032403 0.0417 2.14
2000032404 0.0417 2.17
2000032405 0.0417 2.36
2000032406 0.0417 2.31
2000032407 0.0417 2.14
2000032408 0.0417 2.50
2000032409 0.0417 2.51
2000032410 0.0417 2.46
2000032411 0.0417 2.48
2000032412 0.0417 2.99
2000032413 0.0417 2.98
2000032414 0.0417 2.32
2000032415 0.0417 2.37
2000032416 0.0417 2.25
2000032417 0.0417 2.29
2000032418 0.0417 1.41
2000032419 0.0417 1.41
2000032420 0.0417 1.29
2000032421 0.0417 1.41
2000032422 0.0417 1.29
2000032423 0.0417 2.39
2000032424 0.0417 2.28
2000032501 0.0417 2.67
2000032502 0.0417 2.61
2000032503 0.0417 2.37
2000032504 0.0417 2.15
2000032505 0.0417 2.04
2000032506 0.0417 1.96
2000032507 0.0417 2.04
2000032508 0.0417 1.88
2000032509 0.0417 1.90
2000032510 0.0417 2.02
2000032511 0.0417 2.12
2000032512 0.0417 2.45
2000032513 0.0417 2.95
2000032514 0.0417 2.67
2000032515 0.0417 2.25
2000032516 0.0417 2.22
2000032517 0.0417 2.13
2000032518 0.0417 2.01
2000032519 0.0417 1.88
2000032520 0.0417 2.09
2000032521 0.0417 2.06
2000032522 0.0417 1.92
2000032523 0.0417 2.00
2000032524 0.0417 2.67
2000032601 0.0417 2.86
2000032602 0.0417 2.42
2000032603 0.0417 2.12
2000032604 0.0417 2.15
2000032605 0.0417 2.18
2000032606 0.0417 2.39
2000032607 0.0417 2.30
2000032608 0.0417 2.15
2000032609 0.0417 2.24
2000032610 0.0417 2.23
2000032611 0.0417 2.00
2000032612 0.0417 2.15
2000032613 0.0417 3.65
2000032614 0.0417 3.57
2000032615 0.0417 3.14
2000032616 0.0417 2.58
2000032617 0.0417 2.30
2000032618 0.0417 2.22
2000032619 0.0417 2.12
2000032620 0.0417 2.07
2000032621 0.0417 2.09
2000032622 0.0417 2.20
2000032623 0.0417 2.18
2000032624 0.0417 2.42
2000032701 0.0417 2.48
2000032702 0.0417 2.34
2000032703 0.0417 2.04
2000032704 0.0417 2.05
2000032705 0.0417 1.98
2000032706 0.0417 1.93
2000032707 0.0417 2.02
2000032708 0.0417 2.30
2000032709 0.0417 2.47
2000032710 0.0417 2.26
2000032711 0.0417 2.15
2000032712 0.0417 4.23
2000032713 0.0417 4.11
2000032714 0.0417 43.79
2000032715 0.0417 50.81
2000032716 0.0417 4.18
2000032717 0.0417 2.06
2000032718 0.0417 2.10
2000032719 0.0417 2.07
2000032720 0.0417 2.06
2000032721 0.0417 2.40
2000032722 0.0417 2.57
2000032723 0.0417 2.53
2000032724 0.0417 2.29
2000032801 0.0417 2.26
2000032802 0.0417 2.21
2000032803 0.0417 2.14
2000032804 0.0417 2.27
2000032805 0.0417 2.06
2000032806 0.0417 2.14
2000032807 0.0417 2.12
2000032808 0.0417 2.07
2000032809 0.0417 2.17
2000032810 0.0417 1.64
2000032811 0.0417 1.74
2000032812 0.0417 1.87
2000032813 0.0417 2.22
2000032814 0.0417 1.85
2000032815 0.0417 1.90
2000032816 0.0417 1.95
2000032817 0.0417 1.80
2000032818 0.0417 1.92
2000032819 0.0417 1.96
2000032820 0.0417 1.89
2000032821 0.0417 2.02
2000032822 0.0417 2.09
2000032823 0.0417 1.99
2000032824 0.0417 1.96
2000032901 0.0417 2.42
2000032902 0.0417 2.39
2000032903 0.0417 2.31
2000032904 0.0417 2.20
2000032905 1.0980 2.25
2000032906 2.0980 2.48
2000032907 2.9290 2.84
2000032908 3.1403 3.46
2000032909 2.0980 4.24
2000032910 0.6755 6.57
2000032911 0.4502 7.56
2000032912 0.4642 7.61
2000032913 0.5276 11.53
2000032914 0.7248 17.23
2000032915 1.7318 21.23
2000032916 0.0417 20.36
2000032917 0.0417 18.16
2000032918 0.0417 17.40
2000032919 0.0417 16.01
2000032920 0.0417 15.66
2000032921 0.0417 12.99
2000032922 0.0417 12.95
2000032923 0.0417 10.30
2000032924 0.0417 11.39
2000033001 0.0417 9.38
2000033002 0.0417 8.65
2000033003 0.0417 9.30
2000033004 0.0417 8.07
2000033005 0.0417 7.36
2000033006 0.0417 7.00
2000033007 0.0417 7.30
2000033008 0.0417 6.18
2000033009 0.0417 3.96
2000033010 0.0417 5.49
2000033011 0.0417 5.80
2000033012 0.0417 6.32
2000033013 0.0421 5.82
2000033014 0.0429 4.26
2000033015 0.0430 6.45
2000033016 0.0429 10.93
2000033017 0.0428 6.98
2000033018 0.0428 5.09
2000033019 0.0427 4.70
2000033020 0.0427 5.09
2000033021 0.0427 4.74
2000033022 0.0426 4.76
2000033023 0.0426 5.03
2000033024 0.0425 5.23
2000033101 0.0425 4.56
2000033102 0.0425 4.18
2000033103 0.0424 3.99
2000033104 0.0424 3.09
2000033105 0.0424 4.47
2000033106 0.0423 3.79
2000033107 0.0423 4.01
2000033108 0.0423 4.51
2000033109 0.0422 3.97
2000033110 0.0422 2.17
2000033111 0.0423 2.20
2000033112 0.0450 1.45
2000033113 0.0511 0.81
2000033114 0.0591 5.85
2000033115 0.0645 4.98
2000033116 0.0634 6.57
2000033117 0.0624 4.95
2000033118 0.0614 5.31
2000033119 0.0605 5.62
2000033120 0.0596 4.93
2000033121 0.0588 4.58
2000033122 0.0580 4.66
2000033123 0.0572 4.47
2000033124 0.0565 5.08
2000040101 0.0549 5.65
2000040102 0.0544 5.20
2000040103 0.0538 4.26
2000040104 0.0533 4.33
2000040105 0.0528 5.42
2000040106 0.0523 4.75
2000040107 0.0519 3.90
2000040108 0.0514 2.00
2000040109 0.0510 1.28
2000040110 0.0506 0.72
2000040111 0.0502 7.48
2000040112 0.0499 5.77
2000040113 0.0495 4.17
2000040114 0.0492 3.94
2000040115 0.0489 3.48
2000040116 0.0486 3.11
2000040117 0.0483 3.30
2000040118 0.0480 3.45
2000040119 0.0477 3.73
2000040120 0.0475 4.16
2000040121 0.0472 3.57
2000040122 0.0470 2.91
2000040123 0.0468 3.02
2000040124 0.0466 3.20
2000040201 0.0464 3.17
2000040202 0.0462 2.91
2000040203 0.0460 3.00
2000040204 0.0459 3.14
2000040205 0.0457 3.05
2000040206 0.0455 3.31
2000040207 0.0453 3.80
2000040208 0.0452 3.01
2000040209 0.0450 2.85
2000040210 0.0449 2.88
2000040211 0.0448 2.99
2000040212 0.0446 2.99
2000040213 0.0445 3.01
2000040214 0.0444 2.96
2000040215 0.0443 1.16
2000040216 0.0442 2.21
2000040217 0.0441 3.87
2000040218 0.0440 3.98
2000040219 0.0439 3.50
2000040220 0.0438 3.25
2000040221 0.0437 3.04
2000040222 0.0436 3.04
2000040223 0.0435 2.84
2000040224 0.0434 2.95
2000040301 0.0434 3.00
2000040302 0.0434 2.87
2000040303 0.0433 2.77
2000040304 0.0432 2.66
2000040305 0.0431 3.03
2000040306 0.0431 3.26
2000040307 0.0430 3.08
2000040308 0.0430 2.56
2000040309 0.0429 2.58
2000040310 0.0429 1.53
2000040311 0.0428 1.53
2000040312 0.0428 2.13
2000040313 0.0460 2.43
2000040314 0.0551 2.51
2000040315 0.0632 2.58
2000040316 0.0621 2.85
2000040317 0.0610 3.17
2000040318 0.0600 3.07
2000040319 0.0590 3.97
2000040320 0.0581 3.82
2000040321 0.0573 3.05
2000040322 0.0565 3.48
2000040323 0.0557 4.20
2000040324 0.0550 4.40
2000040401 0.0552 3.84
2000040402 0.0545 3.20
2000040403 0.0538 3.08
2000040404 0.0531 3.48
2000040405 0.0525 3.82
2000040406 0.0519 3.39
2000040407 0.0514 2.36
2000040408 0.0509 2.53
2000040409 0.0504 3.14
2000040410 0.0499 2.85
2000040411 0.0495 2.59
2000040412 0.0491 2.42
2000040413 0.0504 2.48
2000040414 0.0550 1.47
2000040415 0.0575 1.64
2000040416 0.0567 1.45
2000040417 0.0841 1.74
2000040418 0.0553 7.98
2000040419 0.0546 5.59
2000040420 0.0540 4.32
2000040421 0.0534 4.75
2000040422 0.0528 4.97
2000040423 0.0523 4.67
2000040424 0.0518 4.71
2000040501 0.0518 5.31
2000040502 0.0513 4.71
2000040503 0.0508 4.62
2000040504 0.0503 4.21
2000040505 0.0499 3.90
2000040506 0.0495 3.86
2000040507 0.0491 3.59
2000040508 0.0487 3.29
2000040509 0.0484 3.36
2000040510 0.0480 1.68
2000040511 0.1745 0.69
2000040512 0.6178 4.07
2000040513 0.0471 3.15
2000040514 0.0468 5.61
2000040515 0.0466 7.28
2000040516 0.0463 3.66
2000040517 0.4334 3.75
2000040518 0.2501 5.02
2000040519 0.1231 5.31
2000040520 0.0455 4.94
2000040521 0.0453 4.98
2000040522 0.0451 5.66
2000040523 0.0449 5.94
2000040524 0.0448 7.25
2000040601 0.0450 6.45
2000040602 0.0450 6.58
2000040603 0.0450 5.74
2000040604 0.0448 5.74
2000040605 0.0446 8.53
2000040606 0.0444 7.55
2000040607 0.0442 6.98
2000040608 0.0441 6.86
2000040609 0.0439 6.61
2000040610 0.0438 6.61
2000040611 0.0437 6.92
2000040612 0.0442 7.09
2000040613 0.0443 5.83
2000040614 0.0442 5.62
2000040615 0.0441 5.84
2000040616 0.0439 5.46
2000040617 0.0437 6.30
2000040618 0.0435 6.50
2000040619 0.0434 6.65
2000040620 0.0433 6.05
2000040621 0.0432 5.62
2000040622 0.0430 5.23
2000040623 0.0430 4.98
2000040624 0.0429 5.95
2000040701 0.0428 5.82
2000040702 0.0427 4.85
2000040703 0.0427 4.51
2000040704 0.0426 4.64
2000040705 0.0425 4.89
2000040706 0.0425 4.68
2000040707 0.0424 4.51
2000040708 0.0424 5.48
2000040709 0.0423 5.00
2000040710 0.0423 5.62
2000040711 0.0423 6.57
2000040712 0.0458 5.77
2000040713 0.0563 6.28
2000040714 0.0587 7.03
2000040715 0.0573 4.58
2000040716 0.0561 4.35
2000040717 0.0550 5.34
2000040718 0.0540 6.05
2000040719 0.0530 6.30
2000040720 0.0522 5.98
2000040721 0.0514 6.14
2000040722 0.0507 6.35
2000040723 0.0501 6.72
2000040724 0.0495 6.19
2000040801 0.0494 6.03
2000040802 0.0488 6.14
2000040803 0.0483 5.80
2000040804 0.0478 5.77
2000040805 0.0474 5.63
2000040806 0.0470 5.62
2000040807 0.0466 5.16
2000040808 0.0463 5.03
2000040809 0.0460 5.21
2000040810 0.0457 4.85
2000040811 0.0454 5.07
2000040812 0.0452 5.29
2000040813 0.0449 4.85
2000040814 0.0447 4.81
2000040815 0.0445 4.72
2000040816 0.0443 4.68
2000040817 0.0441 4.56
2000040818 0.0440 4.68
2000040819 0.0438 4.64
2000040820 0.0437 4.60
2000040821 0.0436 4.60
2000040822 0.0435 4.67
2000040823 0.0433 4.33
2000040824 0.0432 4.37
2000040901 0.0432 4.37
2000040902 0.0431 4.46
2000040903 0.0430 4.46
2000040904 0.0429 4.37
2000040905 0.0428 4.37
2000040906 0.0427 4.09
2000040907 0.0427 4.28
2000040908 0.0426 4.32
2000040909 0.0426 4.20
2000040910 0.0425 4.05
2000040911 0.0425 4.13
2000040912 0.0441 4.16
2000040913 0.0648 4.20
2000040914 0.0979 4.28
2000040915 0.1168 4.68
2000040916 0.1112 4.72
2000040917 0.1061 5.58
2000040918 0.1014 6.19
2000040919 0.0970 6.33
2000040920 0.0930 6.75
2000040921 0.0894 6.75
2000040922 0.0860 6.98
2000040923 0.0828 7.01
2000040924 0.0800 6.53
2000041001 0.0794 6.52
2000041002 0.0766 6.38
2000041003 0.0741 6.11
2000041004 0.0717 6.24
2000041005 0.0695 5.87
2000041006 0.0675 5.75
2000041007 0.0657 5.80
2000041008 0.0640 5.14
2000041009 0.0624 5.38
2000041010 0.0610 5.75
2000041011 0.0596 5.23
2000041012 0.0590 5.23
2000041013 0.0666 5.86
2000041014 0.0797 6.45
2000041015 0.0985 6.12
2000041016 0.1120 7.25
2000041017 0.1142 8.13
2000041018 0.1124 8.90
2000041019 0.1091 9.87
2000041020 0.1062 9.71
2000041021 0.7172 10.71
2000041022 0.7805 10.63
2000041023 1.5124 11.65
2000041024 3.3485 12.57
2000041101 4.1717 14.91
2000041102 3.2569 17.51
2000041103 3.8678 22.63
2000041104 2.6765 25.36
2000041105 0.1320 36.60
2000041106 0.1235 39.90
2000041107 0.1159 42.57
2000041108 0.1091 41.56
2000041109 0.1029 39.25
2000041110 0.0974 35.62
2000041111 0.0924 31.37
2000041112 0.0878 28.42
2000041113 0.0838 28.10
2000041114 0.0804 27.63
2000041115 0.0863 24.78
2000041116 0.0891 23.01
2000041117 0.0849 21.32
2000041118 0.0810 20.33
2000041119 0.0776 18.76
2000041120 0.0744 17.84
2000041121 0.0716 16.94
2000041122 0.0690 16.61
2000041123 0.0666 15.51
2000041124 0.0645 15.15
2000041201 0.0618 14.21
2000041202 0.0602 13.80
2000041203 0.0587 11.50
2000041204 0.0573 12.40
2000041205 0.0561 12.20
2000041206 0.0549 11.62
2000041207 0.0539 12.35
2000041208 0.0529 11.49
2000041209 0.0521 11.31
2000041210 0.0513 10.49
2000041211 0.0505 11.49
2000041212 0.0499 10.89
2000041213 0.0493 8.17
2000041214 0.0487 11.00
2000041215 0.0482 10.28
2000041216 0.0477 10.20
2000041217 0.0472 10.15
2000041218 0.0468 10.00
2000041219 0.0464 9.62
2000041220 0.0461 9.48
2000041221 0.0458 9.41
2000041222 0.0455 9.41
2000041223 0.0452 9.33
2000041224 0.0449 8.50
2000041301 0.0447 8.50
2000041302 0.0445 8.70
2000041303 0.0443 6.97
2000041304 0.0441 7.77
2000041305 0.0439 7.62
2000041306 0.0438 7.29
2000041307 0.0436 8.83
2000041308 0.0435 7.66
2000041309 0.0434 7.29
2000041310 0.0433 7.10
2000041311 0.0431 7.29
2000041312 0.0430 6.07
2000041313 0.0429 5.64
2000041314 0.0437 6.67
2000041315 0.6911 6.61
2000041316 0.0613 6.61
2000041317 0.0694 6.72
2000041318 0.0678 7.68
2000041319 0.0652 6.61
2000041320 0.0629 6.27
2000041321 0.0609 5.65
2000041322 0.0590 6.84
2000041323 0.0574 6.33
2000041324 0.0559 7.29
2000041401 0.0553 6.10
2000041402 0.0540 4.97
2000041403 0.0528 6.28
2000041404 0.0518 6.06
2000041405 0.0508 5.84
2000041406 0.0500 5.95
2000041407 0.0492 5.63
2000041408 0.0485 6.83
2000041409 0.0479 5.11
2000041410 0.0576 6.25
2000041411 0.1035 5.05
2000041412 0.5424 5.11
2000041413 2.2980 5.99
2000041414 1.4182 6.30
2000041415 1.2666 6.67
2000041416 1.2516 6.86
2000041417 1.1644 7.27
2000041418 0.3160 8.14
2000041419 0.2938 9.45
2000041420 0.2735 8.60
2000041421 0.2550 7.74
2000041422 0.2381 9.26
2000041423 0.2226 8.89
2000041424 0.2085 8.82
2000041501 0.2073 8.62
2000041502 0.1936 8.41
2000041503 0.1811 8.27
2000041504 0.1697 8.06
2000041505 0.1593 7.74
2000041506 0.1498 7.94
2000041507 0.1411 7.54
2000041508 0.1331 8.77
2000041509 0.1258 7.68
2000041510 0.1191 8.59
2000041511 0.1496 6.72
2000041512 0.3138 8.00
2000041513 0.2652 7.55
2000041514 0.3159 8.64
2000041515 0.3198 7.68
2000041516 0.2958 8.08
2000041517 0.2742 8.13
2000041518 0.2542 8.27
2000041519 0.2360 10.59
2000041520 0.2195 7.16
2000041521 0.2045 9.53
2000041522 0.1908 8.77
2000041523 0.1784 8.55
2000041524 0.1670 10.02
2000041601 0.1596 7.29
2000041602 0.1497 8.21
2000041603 0.1406 8.20
2000041604 0.1324 7.74
2000041605 0.1248 7.94
2000041606 0.1179 7.67
2000041607 0.1116 7.35
2000041608 0.1059 7.68
2000041609 0.1006 7.93
2000041610 0.0958 9.74
2000041611 0.1024 7.03
2000041612 0.1424 5.95
2000041613 0.1963 6.05
2000041614 0.2252 7.73
2000041615 0.2328 7.43
2000041616 0.2155 7.19
2000041617 0.2000 7.25
2000041618 0.1859 8.75
2000041619 0.1731 6.82
2000041620 0.1616 7.32
2000041621 0.1511 6.64
2000041622 0.1416 7.70
2000041623 0.1330 7.70
2000041624 0.1251 7.45
2000041701 0.1161 7.45
2000041702 0.1099 7.45
2000041703 0.1043 7.39
2000041704 0.0991 7.39
2000041705 0.0944 6.89
2000041706 0.0901 6.89
2000041707 0.0862 7.01
2000041708 0.0826 6.71
2000041709 0.0793 6.64
2000041710 0.0763 6.53
2000041711 0.0735 6.52
2000041712 0.0712 6.65
2000041713 0.0819 6.23
2000041714 0.1093 6.33
2000041715 0.1217 6.27
2000041716 0.1160 6.16
2000041717 0.1096 6.27
2000041718 0.1034 8.38
2000041719 0.0978 5.88
2000041720 0.0927 6.94
2000041721 0.0881 5.88
2000041722 0.0840 4.88
2000041723 0.0803 6.22
2000041724 0.0769 6.11
2000041801 0.0737 5.88
2000041802 0.0710 5.88
2000041803 0.0685 5.82
2000041804 0.0662 5.87
2000041805 0.0641 5.77
2000041806 0.0622 5.39
2000041807 0.0605 5.64
2000041808 0.0589 5.61
2000041809 0.0575 5.44
2000041810 0.0790 5.70
2000041811 0.1546 5.80
2000041812 0.1823 5.75
2000041813 0.3391 5.80
2000041814 0.3544 6.08
2000041815 0.3452 6.49
2000041816 0.3213 6.75
2000041817 0.2979 7.20
2000041818 0.2760 7.52
2000041819 0.2561 9.82
2000041820 0.2381 8.25
2000041821 0.2216 6.14
2000041822 0.2065 7.23
2000041823 0.1928 9.04
2000041824 0.1803 8.39
2000041901 0.1573 8.46
2000041902 0.1486 8.18
2000041903 0.1407 7.71
2000041904 0.1333 7.52
2000041905 0.1265 7.32
2000041906 0.1202 6.95
2000041907 0.1145 7.26
2000041908 0.1092 7.07
2000041909 0.1042 6.83
2000041910 0.1028 6.76
2000041911 0.2385 6.47
2000041912 0.5849 6.65
2000041913 0.8279 6.77
2000041914 0.7491 7.20
2000041915 0.6240 7.29
2000041916 0.4687 7.87
2000041917 0.4378 8.41
2000041918 0.4076 8.89
2000041919 0.3799 10.81
2000041920 0.3544 10.73
2000041921 0.3310 9.02
2000041922 0.3094 10.21
2000041923 0.2895 9.40
2000041924 0.2712 11.28
2000042001 0.2857 7.91
2000042002 0.2652 9.40
2000042003 0.2465 8.66
2000042004 0.2295 8.75
2000042005 0.2139 8.31
2000042006 0.1996 8.53
2000042007 0.1865 7.99
2000042008 0.1746 7.65
2000042009 0.1637 7.67
2000042010 0.1537 7.81
2000042011 0.1494 7.55
2000042012 0.1625 7.55
2000042013 0.2517 7.22
2000042014 0.3277 7.55
2000042015 0.3033 7.16
2000042016 0.2803 7.22
2000042017 0.2594 6.92
2000042018 0.2404 6.98
2000042019 0.2232 8.47
2000042020 0.2075 6.30
2000042021 0.1933 6.43
2000042022 0.1803 6.67
2000042023 0.1685 7.23
2000042024 0.1577 6.74
2000042101 0.1510 6.74
2000042102 0.1415 6.21
2000042103 0.1328 6.50
2000042104 0.1250 6.67
2000042105 0.1178 6.21
2000042106 0.1113 6.21
2000042107 0.1054 6.38
2000042108 0.1000 6.80
2000042109 0.0950 6.01
2000042110 0.2806 6.68
2000042111 0.2765 6.21
2000042112 0.4630 6.38
2000042113 0.2708 7.03
2000042114 0.2707 7.42
2000042115 0.2729 6.98
2000042116 0.2768 8.07
2000042117 0.2820 8.70
2000042118 0.2885 8.56
2000042119 0.2856 11.88
2000042120 0.4733 10.85
2000042121 0.8514 11.01
2000042122 1.0396 10.07
2000042123 1.2280 13.21
2000042124 1.0362 16.67
2000042201 1.2274 23.09
2000042202 1.0356 30.41
2000042203 1.2242 34.88
2000042204 0.8426 46.84
2000042205 1.0316 56.92
2000042206 1.2305 62.18
2000042207 1.8095 69.71
2000042208 2.1983 83.75
2000042209 2.2072 97.97
2000042210 2.9692 107.21
2000042211 3.7319 149.65
2000042212 2.9778 179.22
2000042213 2.4114 201.37
2000042214 0.7051 210.48
2000042215 0.5206 206.40
2000042216 0.1438 188.19
2000042217 0.1394 165.77
2000042218 0.1318 140.84
2000042219 0.1251 125.45
2000042220 0.1191 110.33
2000042221 0.1138 97.78
2000042222 0.1091 86.21
2000042223 0.1050 81.10
2000042224 0.1013 65.91
2000042301 0.0980 68.04
2000042302 0.0922 58.64
2000042303 0.0872 58.42
2000042304 0.0828 51.81
2000042305 0.0789 51.27
2000042306 0.0768 47.78
2000042307 0.0804 45.50
2000042308 0.0916 42.98
2000042309 0.1209 41.03
2000042310 0.1281 40.04
2000042311 0.1536 39.20
2000042312 0.2098 35.79
2000042313 0.2296 36.99
2000042314 0.2383 35.89
2000042315 0.2350 35.47
2000042316 0.2482 35.35
2000042317 0.2509 34.96
2000042318 0.2299 35.30
2000042319 0.2092 33.67
2000042320 0.1910 33.67
2000042321 0.1750 32.55
2000042322 0.1608 32.16
2000042323 0.1484 31.60
2000042324 0.3275 31.04
2000042401 0.1297 30.50
2000042402 0.1217 29.29
2000042403 0.1146 28.77
2000042404 0.1083 27.58
2000042405 0.1028 27.58
2000042406 0.0989 27.07
2000042407 0.1022 27.07
2000042408 0.3065 27.07
2000042409 0.1232 25.68
2000042410 0.1219 24.94
2000042411 0.1141 24.94
2000042412 0.1064 24.94
2000042413 0.1017 24.94
2000042414 0.1107 23.60
2000042415 0.1235 24.32
2000042416 0.1559 24.05
2000042417 0.1186 23.56
2000042418 0.1091 23.18
2000042419 0.1009 23.39
2000042420 0.0937 23.12
2000042421 0.0874 22.74
2000042422 0.0819 22.74
2000042423 0.0771 23.06
2000042424 0.0729 23.26
2000042501 0.0696 23.06
2000042502 0.0663 22.56
2000042503 0.0634 21.29
2000042504 0.0608 21.29
2000042505 0.0586 21.48
2000042506 0.0566 21.29
2000042507 0.0549 20.62
2000042508 0.1027 20.62
2000042509 0.0520 19.60
2000042510 0.1083 19.48
2000042511 0.1951 20.65
2000042512 0.0712 20.48
2000042513 0.1306 19.65
2000042514 0.2206 19.78
2000042515 0.2926 19.95
2000042516 0.3135 20.78
2000042517 0.2866 21.27
2000042518 0.2595 21.09
2000042519 0.2355 21.09
2000042520 0.2144 21.59
2000042521 0.1957 20.91
2000042522 0.1791 20.19
2000042523 0.1645 20.06
2000042524 0.1515 19.75
2000042601 0.1357 19.75
2000042602 0.1263 19.24
2000042603 0.1178 18.78
2000042604 0.1103 17.97
2000042605 0.1035 18.44
2000042606 0.0974 18.44
2000042607 0.0920 17.98
2000042608 0.0871 17.98
2000042609 0.0898 17.83
2000042610 0.0847 17.52
2000042611 0.2267 17.23
2000042612 0.4142 17.53
2000042613 0.5948 18.14
2000042614 0.7358 18.91
2000042615 0.8142 20.44
2000042616 0.7667 22.52
2000042617 0.7294 23.72
2000042618 0.6630 24.47
2000042619 0.6034 25.06
2000042620 0.5499 25.27
2000042621 0.5020 25.27
2000042622 0.4588 24.51
2000042623 0.4199 23.72
2000042624 0.3849 22.67
2000042701 0.3451 22.48
2000042702 0.3179 21.96
2000042703 0.2934 21.96
2000042704 0.2711 21.27
2000042705 0.2510 20.23
2000042706 0.2327 20.40
2000042707 0.2161 20.40
2000042708 0.2010 19.93
2000042709 0.1873 19.75
2000042710 0.1747 18.76
2000042711 0.1930 19.61
2000042712 0.1585 19.45
2000042713 0.2305 18.97
2000042714 0.2594 18.97
2000042715 0.2904 19.13
2000042716 0.2932 19.28
2000042717 0.2871 19.11
2000042718 0.2783 19.28
2000042719 0.2291 20.30
2000042720 0.2226 20.13
2000042721 0.1039 20.78
2000042722 0.1331 21.67
2000042723 0.0926 21.58
2000042724 0.0878 21.39
2000042801 0.0807 22.25
2000042802 0.0774 21.77
2000042803 0.0744 22.46
2000042804 0.0717 22.46
2000042805 0.0692 22.66
2000042806 0.0670 22.86
2000042807 0.1283 22.86
2000042808 0.0650 23.76
2000042809 0.0725 23.47
2000042810 0.0820 23.97
2000042811 0.0956 24.26
2000042812 0.5495 24.26
2000042813 0.1210 24.48
2000042814 0.1414 24.48
2000042815 0.1596 24.48
2000042816 0.1634 24.48
2000042817 0.1521 25.00
2000042818 0.1408 24.39
2000042819 0.1308 25.75
2000042820 0.1218 25.75
2000042821 0.1139 25.75
2000042822 0.1068 24.60
2000042823 0.1005 24.08
2000042824 0.0948 23.56
2000042901 0.0902 22.97
2000042902 0.0855 23.56
2000042903 0.0813 22.47
2000042904 0.0776 21.97
2000042905 0.0742 22.16
2000042906 0.0712 22.16
2000042907 0.0684 21.48
2000042908 0.0660 21.29
2000042909 0.0637 20.24
2000042910 0.0617 20.42
2000042911 0.0606 20.13
2000042912 0.1099 19.78
2000042913 0.2811 20.42
2000042914 0.4421 21.09
2000042915 0.5505 22.08
2000042916 0.5284 22.57
2000042917 0.5205 24.92
2000042918 0.4771 25.40
2000042919 0.4379 26.22
2000042920 0.4027 26.22
2000042921 0.3709 25.90
2000042922 0.3421 25.90
2000042923 0.3161 25.90
2000042924 0.2925 24.82
2000043001 0.2755 23.69
2000043002 0.2551 23.17
2000043003 0.2367 23.17
2000043004 0.2200 22.86
2000043005 0.2048 22.16
2000043006 0.1909 21.40
2000043007 0.1784 20.91
2000043008 0.1669 20.91
2000043009 0.1573 21.09
2000043010 0.2010 20.24
2000043011 0.3667 20.24
2000043012 0.5562 20.24
2000043013 0.7331 21.97
2000043014 0.8730 22.77
2000043015 0.9204 25.14
2000043016 0.9087 26.22
2000043017 0.8716 29.10
2000043018 0.7990 30.34
2000043019 0.7318 30.72
2000043020 0.6712 29.80
2000043021 0.6164 30.18
2000043022 0.5668 28.66
2000043023 0.5219 28.10
2000043024 0.4811 27.55
2000050101 0.4543 27.55
2000050102 0.4183 26.06
2000050103 0.3857 26.06
2000050104 0.3561 26.06
2000050105 0.3293 24.39
2000050106 0.3050 23.87
2000050107 0.2828 24.08
2000050108 0.2627 24.08
2000050109 0.2468 23.56
2000050110 0.2663 23.56
2000050111 0.3622 22.97
2000050112 0.4974 22.97
2000050113 0.6492 22.97
2000050114 0.7792 24.08
2000050115 0.8427 26.60
2000050116 0.8357 27.95
2000050117 0.8076 29.75
2000050118 0.7442 30.93
2000050119 0.6810 30.07
2000050120 0.6224 30.72
2000050121 0.5697 30.45
2000050122 0.5223 29.23
2000050123 0.4797 29.23
2000050124 0.4412 28.66
2000050201 0.6310 28.35
2000050202 0.7993 28.60
2000050203 0.5137 28.85
2000050204 0.3299 29.43
2000050205 0.3040 29.52
2000050206 0.2806 29.43
2000050207 0.2594 30.42
2000050208 0.2520 30.15
2000050209 0.3684 30.56
2000050210 0.6031 29.61
2000050211 0.7198 30.29
2000050212 0.8679 30.29
2000050213 1.0272 32.15
2000050214 1.1880 33.76
2000050215 1.2907 35.74
2000050216 1.3290 38.09
2000050217 1.2681 39.84
2000050218 1.1719 41.97
2000050219 1.0641 42.84
2000050220 0.9654 43.30
2000050221 0.8770 41.95
2000050222 0.8023 42.34
2000050223 1.7425 42.46
2000050224 1.6823 41.95
2000050301 0.6824 42.99
2000050302 3.6112 45.17
2000050303 7.5477 52.32
2000050304 5.5225 55.78
2000050305 9.4026 73.84
2000050306 5.2574 95.88
2000050307 4.4909 90.80
2000050308 5.5080 116.23
2000050309 2.5646 119.40
2000050310 3.6628 121.88
2000050311 2.7706 104.95
2000050312 2.8606 114.30
2000050313 1.9251 108.97
2000050314 3.9483 110.10
2000050315 6.9768 109.09
2000050316 4.0111 113.78
2000050317 2.0315 124.97
2000050318 1.9850 127.50
2000050319 1.7349 117.73
2000050320 1.5721 109.76
2000050321 2.0499 98.37
2000050322 2.2873 94.25
2000050323 1.6826 92.11
2000050324 1.5157 87.31
2000050401 0.8544 89.59
2000050402 0.8921 94.34
2000050403 0.4190 85.63
2000050404 0.7271 93.76
2000050405 0.3495 80.87
2000050406 0.3306 73.93
2000050407 0.3323 77.05
2000050408 1.1427 68.15
2000050409 0.3926 65.91
2000050410 0.4822 66.26
2000050411 0.6530 59.57
2000050412 0.7811 60.71
2000050413 0.8559 59.70
2000050414 0.9577 60.33
2000050415 0.9569 58.25
2000050416 0.9319 55.86
2000050417 0.8364 58.17
2000050418 0.7485 55.27
2000050419 0.6694 53.30
2000050420 0.6018 54.35
2000050421 0.5426 49.90
2000050422 0.4904 49.14
2000050423 0.4446 48.33
2000050424 0.4043 47.94
2000050501 0.3824 45.34
2000050502 0.3471 45.19
2000050503 0.3159 44.23
2000050504 0.2883 44.70
2000050505 0.2637 40.89
2000050506 0.2418 39.54
2000050507 0.2222 40.20
2000050508 0.2047 39.78
2000050509 0.1988 37.29
2000050510 0.2621 37.67
2000050511 0.6061 37.10
2000050512 0.9553 36.54
2000050513 1.2498 38.04
2000050514 1.3162 42.25
2000050515 1.3545 42.19
2000050516 1.3444 43.31
2000050517 1.2756 45.19
2000050518 1.1938 43.93
2000050519 1.1099 45.02
2000050520 0.9788 44.39
2000050521 0.8740 42.98
2000050522 0.7839 42.08
2000050523 0.7049 41.14
2000050524 0.6381 40.80
2000050601 0.6257 40.20
2000050602 0.5571 38.62
2000050603 0.4984 38.04
2000050604 0.4476 38.62
2000050605 0.4034 35.60
2000050606 0.3647 37.29
2000050607 0.3599 35.41
2000050608 0.4835 34.49
2000050609 0.7042 33.60
2000050610 0.9551 34.67
2000050611 1.2084 34.30
2000050612 1.4343 35.22
2000050613 1.6398 36.35
2000050614 1.7397 41.24
2000050615 1.7090 42.82
2000050616 1.6182 44.86
2000050617 1.4814 45.19
2000050618 1.3023 44.39
2000050619 1.1565 45.03
2000050620 1.0503 44.23
2000050621 0.9467 42.98
2000050622 0.8615 42.20
2000050623 0.7834 40.80
2000050624 0.7269 39.61
2000050701 0.7721 37.47
2000050702 0.6689 38.06
2000050703 0.6026 36.90
2000050704 0.5335 35.78
2000050705 0.4519 34.86
2000050706 0.4492 34.70
2000050707 0.5759 33.95
2000050708 0.7787 33.06
2000050709 1.0080 32.19
2000050710 1.3109 32.19
2000050711 1.6311 33.06
2000050712 1.8532 34.67
2000050713 2.0154 36.92
2000050714 2.0395 42.01
2000050715 1.8927 45.97
2000050716 1.8304 48.98
2000050717 1.7479 52.16
2000050718 1.5728 52.84
2000050719 1.3900 53.52
2000050720 1.1885 52.16
2000050721 1.0428 49.13
2000050722 0.9182 46.99
2000050723 0.7985 46.14
2000050724 0.7039 44.41
2000050801 0.6680 42.63
2000050802 0.6064 42.41
2000050803 0.5449 40.61
2000050804 0.4980 40.23
2000050805 0.4766 39.43
2000050806 0.5185 39.20
2000050807 0.6423 39.02
2000050808 0.7692 38.84
2000050809 0.7640 38.84
2000050810 0.8714 37.67
2000050811 0.9129 36.54
2000050812 2.9316 39.23
2000050813 1.8845 41.87
2000050814 2.9366 41.03
2000050815 1.9318 43.07
2000050816 1.0444 44.32
2000050817 0.9445 45.72
2000050818 0.8651 45.55
2000050819 0.7777 46.02
2000050820 0.6995 44.46
2000050821 0.6211 44.52
2000050822 0.5295 40.82
2000050823 0.4578 41.23
2000050824 0.3996 39.43
2000050901 0.3730 39.63
2000050902 0.3241 37.87
2000050903 0.2844 36.92
2000050904 0.2512 36.72
2000050905 0.2232 36.10
2000050906 0.1995 34.97
2000050907 0.2099 35.53
2000050908 0.4602 34.22
2000050909 0.8271 33.13
2000050910 1.2326 32.58
2000050911 1.4084 34.56
2000050912 1.5176 35.53
2000050913 1.8996 36.52
2000050914 2.0000 39.05
2000050915 1.9962 42.44
2000050916 1.8712 42.82
2000050917 1.6750 45.15
2000050918 1.5196 45.50
2000050919 1.2341 45.03
2000050920 1.0424 44.87
2000050921 0.9121 42.20
2000050922 0.7762 40.80
2000050923 0.6650 40.61
2000050924 0.5796 40.01
2000051001 0.5573 38.44
2000051002 0.4786 36.54
2000051003 0.4142 37.89
2000051004 0.3608 34.83
2000051005 0.3163 34.83
2000051006 0.2789 33.54
2000051007 0.2832 33.93
2000051008 0.5696 32.67
2000051009 1.0587 32.14
2000051010 1.5264 32.14
2000051011 1.9007 32.14
2000051012 2.1962 34.86
2000051013 2.2184 37.30
2000051014 2.2516 38.44
2000051015 2.0982 40.97
2000051016 1.9765 42.99
2000051017 1.8783 43.93
2000051018 1.6423 44.87
2000051019 1.3582 44.72
2000051020 1.0773 44.44
2000051021 0.9684 43.63
2000051022 0.8063 41.48
2000051023 0.6761 41.40
2000051024 0.6237 38.95
2000051101 0.7012 39.37
2000051102 0.5971 37.82
2000051103 0.5363 37.07
2000051104 0.4471 37.47
2000051105 0.7091 36.72
2000051106 1.0161 37.29
2000051107 1.3184 36.54
2000051108 1.4973 36.34
2000051109 1.6424 37.10
2000051110 1.8254 35.41
2000051111 2.2409 37.65
2000051112 2.3460 38.04
2000051113 2.4277 38.04
2000051114 2.4350 39.41
2000051115 2.3646 40.57
2000051116 2.4588 44.01
2000051117 2.1572 44.85
2000051118 1.9572 45.38
2000051119 1.6948 46.72
2000051120 1.8570 46.11
2000051121 1.7159 48.23
2000051122 1.8022 47.59
2000051123 1.8197 48.99
2000051124 1.9023 49.56
2000051201 2.5737 55.01
2000051202 2.2965 56.38
2000051203 2.8629 57.86
2000051204 2.6329 57.86
2000051205 1.5614 61.89
2000051206 2.4031 61.89
2000051207 4.7560 64.07
2000051208 4.6266 64.87
2000051209 4.4584 74.02
2000051210 4.5825 81.59
2000051211 7.0837 89.88
2000051212 6.0259 106.81
2000051213 9.6724 134.81
2000051214 8.8852 159.24
2000051215 9.6591 190.29
2000051216 10.8219 209.53
2000051217 10.4606 218.19
2000051218 12.5619 253.84
2000051219 8.4034 300.30
2000051220 5.3441 276.23
2000051221 6.2775 252.27
2000051222 6.0574 217.63
2000051223 4.9767 199.72
2000051224 0.8978 197.61
2000051301 1.4000 175.86
2000051302 1.7754 161.12
2000051303 0.9200 147.44
2000051304 0.5525 127.13
2000051305 0.7527 120.52
2000051306 0.9472 115.00
2000051307 1.1372 106.57
2000051308 1.5785 105.17
2000051309 1.6275 99.51
2000051310 1.8336 93.19
2000051311 1.3757 91.46
2000051312 2.2883 92.78
2000051313 1.5012 87.88
2000051314 2.7689 85.10
2000051315 1.7601 84.76
2000051316 1.6197 91.11
2000051317 1.5670 83.75
2000051318 0.9214 81.06
2000051319 0.5717 78.32
2000051320 0.4988 78.31
2000051321 2.4527 75.13
2000051322 0.4925 71.99
2000051323 3.7920 76.02
2000051324 1.6645 73.26
2000051401 0.5931 69.68
2000051402 0.4953 70.23
2000051403 0.4690 70.02
2000051404 0.3701 65.55
2000051405 0.3692 59.26
2000051406 0.5722 59.50
2000051407 0.5401 59.50
2000051408 0.7127 59.50
2000051409 1.1703 57.44
2000051410 1.2019 55.12
2000051411 1.6702 53.56
2000051412 3.0500 55.82
2000051413 2.4912 56.31
2000051414 1.6386 58.38
2000051415 1.2572 57.20
2000051416 1.1455 60.46
2000051417 0.9648 58.12
2000051418 3.8919 58.57
2000051419 3.4906 64.00
2000051420 1.5751 63.04
2000051421 0.4881 65.16
2000051422 0.6291 63.66
2000051423 0.4588 60.82
2000051424 0.5120 57.83
2000051501 0.3310 54.51
2000051502 2.3411 51.46
2000051503 1.2164 53.48
2000051504 0.1794 53.48
2000051505 0.1313 53.48
2000051506 0.4215 50.53
2000051507 0.7882 50.53
2000051508 1.1311 47.41
2000051509 1.3773 44.60
2000051510 2.0864 43.28
2000051511 2.6920 47.91
2000051512 2.8350 47.91
2000051513 2.9412 48.28
2000051514 2.0469 48.28
2000051515 2.0887 56.75
2000051516 1.8530 55.51
2000051517 1.7077 55.51
2000051518 0.9041 56.05
2000051519 0.6008 56.05
2000051520 0.3760 49.44
2000051521 0.2615 49.44
2000051522 0.2141 47.09
2000051523 0.1790 47.02
2000051524 0.1523 44.12
2000051601 0.1400 44.12
2000051602 0.1192 44.12
2000051603 0.1034 41.72
2000051604 0.0912 39.86
2000051605 0.0815 39.86
2000051606 0.0751 39.86
2000051607 0.0914 39.86
2000051608 0.7588 38.47
2000051609 1.7975 37.13
2000051610 2.3114 37.13
2000051611 2.7288 37.13
2000051612 2.8829 37.13
2000051613 2.6639 38.76
2000051614 1.9485 42.83
2000051615 1.5765 46.95
2000051616 1.4196 46.61
2000051617 1.4033 46.26
2000051618 0.6787 45.91
2000051619 0.4670 46.63
2000051620 0.2380 40.94
2000051621 0.1915 39.29
2000051622 0.1586 39.29
2000051623 0.1342 35.48
2000051624 0.1156 33.86
2000051701 0.1070 34.89
2000051702 0.1035 34.89
2000051703 0.0811 33.35
2000051704 0.0838 33.35
2000051705 0.0657 33.35
2000051706 0.0716 33.35
2000051707 0.0581 30.79
2000051708 0.1843 30.79
2000051709 1.7196 31.71
2000051710 2.5115 31.71
2000051711 2.8084 31.71
2000051712 3.0153 31.71
2000051713 3.0335 31.71
2000051714 2.7276 36.49
2000051715 2.4073 36.49
2000051716 1.7757 36.23
2000051717 1.4297 36.23
2000051718 0.7874 35.96
2000051719 0.5257 36.23
2000051720 0.2486 34.90
2000051721 0.2232 30.87
2000051722 0.1842 30.63
2000051723 0.1552 29.88
2000051724 0.1176 31.32
2000051801 0.1085 30.06
2000051802 0.0916 32.15
2000051803 0.0792 30.05
2000051804 0.0698 29.29
2000051805 0.0626 28.48
2000051806 0.0570 28.27
2000051807 0.1626 28.27
2000051808 1.1151 27.35
2000051809 2.0132 27.35
2000051810 2.4866 27.35
2000051811 2.8620 27.35
2000051812 3.1088 27.55
2000051813 2.0079 27.55
2000051814 1.8363 27.55
2000051815 1.5672 29.97
2000051816 0.9140 30.40
2000051817 1.2663 30.40
2000051818 0.7417 31.38
2000051819 0.4151 30.83
2000051820 0.2968 30.83
2000051821 0.1946 29.30
2000051822 0.1981 29.30
2000051823 0.1331 28.34
2000051824 0.0862 27.61
2000051901 0.0798 27.61
2000051902 0.1177 26.16
2000051903 0.0575 26.16
2000051904 0.1282 26.35
2000051905 0.0464 26.35
2000051906 0.1075 26.35
2000051907 0.1293 26.35
2000051908 0.9040 25.10
2000051909 1.7997 24.56
2000051910 2.2934 24.56
2000051911 2.5409 24.73
2000051912 2.5086 25.44
2000051913 2.3422 25.44
2000051914 1.8279 28.55
2000051915 1.5904 30.47
2000051916 0.9013 32.27
2000051917 0.6052 33.30
2000051918 0.2255 32.00
2000051919 0.2117 32.00
2000051920 0.1485 30.23
2000051921 0.0898 27.10
2000051922 0.0901 27.10
2000051923 0.0720 26.17
2000051924 0.0991 25.65
2000052001 0.0520 24.06
2000052002 0.0994 24.23
2000052003 0.0412 23.39
2000052004 0.0391 22.55
2000052005 0.1027 22.71
2000052006 0.2242 22.55
2000052007 0.4859 21.89
2000052008 1.2356 21.89
2000052009 1.4595 21.58
2000052010 1.8698 21.89
2000052011 2.1975 21.74
2000052012 2.1504 22.50
2000052013 2.9341 23.49
2000052014 2.4037 24.52
2000052015 2.5372 25.23
2000052016 2.3400 25.23
2000052017 1.6083 26.72
2000052018 0.9738 26.72
2000052019 0.6929 25.60
2000052020 0.2924 25.60
2000052021 0.4523 25.60
2000052022 0.3232 24.13
2000052023 0.3072 24.13
2000052024 0.0577 24.13
2000052101 0.1300 22.88
2000052102 0.1653 23.73
2000052103 0.0973 23.18
2000052104 0.0864 23.31
2000052105 0.0894 22.47
2000052106 0.3059 22.47
2000052107 0.7381 21.78
2000052108 1.1177 21.91
2000052109 1.2729 21.78
2000052110 1.9357 20.97
2000052111 2.1448 21.64
2000052112 2.2225 21.64
2000052113 1.7753 21.64
2000052114 1.4164 22.18
2000052115 1.1796 22.18
2000052116 1.0702 23.03
2000052117 0.7696 23.18
2000052118 0.4292 22.50
2000052119 0.3775 22.50
2000052120 0.3684 22.64
2000052121 0.2844 21.91
2000052122 0.3185 21.91
2000052123 0.3056 21.37
2000052124 0.3133 21.37
2000052201 0.2037 20.82
2000052202 0.2437 20.82
2000052203 0.2838 20.56
2000052204 0.2108 19.78
2000052205 0.2676 19.91
2000052206 0.3772 19.91
2000052207 0.4557 19.91
2000052208 0.5882 19.91
2000052209 0.6647 19.25
2000052210 0.6275 19.13
2000052211 0.9498 18.77
2000052212 0.9631 18.02
2000052213 0.5953 18.91
2000052214 1.6134 19.28
2000052215 0.9525 19.65
2000052216 0.4428 19.03
2000052217 0.3361 19.65
2000052218 0.3156 18.78
2000052219 0.2872 18.78
2000052220 0.2465 18.78
2000052221 1.2665 19.03
2000052222 0.2898 18.41
2000052223 0.2645 18.29
2000052224 0.2722 18.17
2000052301 0.0784 18.17
2000052302 0.2061 17.43
2000052303 0.1679 17.90
2000052304 0.0371 17.90
2000052305 0.1245 17.64
2000052306 0.1770 17.53
2000052307 0.4637 17.45
2000052308 0.6239 17.64
2000052309 0.8695 17.64
2000052310 0.6197 17.53
2000052311 0.4428 16.82
2000052312 0.5017 17.42
2000052313 0.3918 17.53
2000052314 0.4469 17.53
2000052315 0.3320 17.53
2000052316 0.4815 18.25
2000052317 0.4004 18.14
2000052318 0.2651 18.14
2000052319 0.1525 18.02
2000052320 0.1053 18.25
2000052321 0.0644 17.53
2000052322 0.1286 17.34
2000052323 0.1284 17.45
2000052324 0.0984 16.85
2000052401 0.0885 16.85
2000052402 0.0912 16.24
2000052403 0.1002 15.72
2000052404 0.0613 15.93
2000052405 0.1026 16.03
2000052406 1.1920 16.24
2000052407 0.2862 16.24
2000052408 1.2831 17.50
2000052409 0.3046 17.19
2000052410 0.3877 16.56
2000052411 0.6769 16.56
2000052412 0.6082 15.87
2000052413 0.5436 16.35
2000052414 0.6110 16.66
2000052415 0.3051 16.56
2000052416 5.1961 17.48
2000052417 1.2509 21.17
2000052418 0.1820 25.37
2000052419 0.1006 25.19
2000052420 0.1344 23.55
2000052421 0.0909 22.66
2000052422 0.1852 22.66
2000052423 0.1472 21.04
2000052424 0.1582 21.04
2000052501 0.0197 19.21
2000052502 0.0103 19.31
2000052503 0.0090 19.41
2000052504 0.0086 17.43
2000052505 0.0081 17.73
2000052506 0.0127 17.73
2000052507 0.1050 17.43
2000052508 0.3812 18.90
2000052509 0.5832 18.48
2000052510 0.6487 18.48
2000052511 0.5355 18.76
2000052512 0.7170 19.58
2000052513 0.6884 19.48
2000052514 0.6039 19.48
2000052515 0.4934 20.12
2000052516 0.4398 20.12
2000052517 0.3170 20.95
2000052518 0.2006 20.95
2000052519 0.0532 20.95
2000052520 0.0509 20.32
2000052521 0.0785 20.32
2000052522 0.0450 19.48
2000052523 0.0703 19.58
2000052524 0.0843 18.85
2000052601 0.0410 18.95
2000052602 0.0495 18.31
2000052603 0.0663 18.31
2000052604 0.0716 17.23
2000052605 0.0599 16.96
2000052606 0.1049 16.13
2000052607 0.2033 18.12
2000052608 0.2522 17.77
2000052609 0.3399 17.95
2000052610 0.2657 17.86
2000052611 0.3628 17.43
2000052612 0.3275 17.77
2000052613 0.2569 17.95
2000052614 0.2537 18.76
2000052615 0.1045 18.87
2000052616 0.2494 19.05
2000052617 0.2443 19.90
2000052618 0.1475 19.90
2000052619 0.1122 19.99
2000052620 0.0947 19.89
2000052621 0.1557 19.89
2000052622 0.1248 19.21
2000052623 0.1011 18.29
2000052624 0.1257 18.29
2000052701 0.0455 18.21
2000052702 0.0428 17.33
2000052703 0.0261 17.33
2000052704 0.0249 16.66
2000052705 0.0240 15.28
2000052706 0.0564 15.52
2000052707 0.1287 16.80
2000052708 0.1872 17.11
2000052709 0.2795 17.28
2000052710 0.3072 16.80
2000052711 0.2568 16.80
2000052712 0.2485 16.72
2000052713 0.2482 16.80
2000052714 0.2031 16.18
2000052715 0.1811 16.96
2000052716 0.1045 17.12
2000052717 0.0567 17.36
2000052718 0.0390 17.36
2000052719 0.0266 17.28
2000052720 0.0306 17.28
2000052721 0.0266 17.19
2000052722 0.0234 16.48
2000052723 0.0675 16.56
2000052724 0.0284 16.40
2000052801 0.0200 16.48
2000052802 0.0146 16.25
2000052803 0.0110 16.18
2000052804 0.0087 16.25
2000052805 0.0061 14.57
2000052806 2.0126 15.34
2000052807 2.0092 17.09
2000052808 4.0098 17.59
2000052809 5.0261 19.77
2000052810 5.0573 24.13
2000052811 2.0639 24.13
2000052812 2.0630 24.13
2000052813 3.0617 24.13
2000052814 2.0747 24.13
2000052815 1.0650 28.48
2000052816 1.0868 27.64
2000052817 1.0876 25.81
2000052818 0.0477 24.88
2000052819 0.0477 22.25
2000052820 2.0238 19.62
2000052821 1.0073 18.55
2000052822 1.0179 19.57
2000052823 0.0040 20.27
2000052824 0.0021 20.04
2000052901 0.0012 19.92
2000052902 1.0009 19.03
2000052903 0.0007 19.03
2000052904 1.0006 19.03
2000052905 0.0006 18.58
2000052906 1.0014 18.47
2000052907 0.0056 18.47
2000052908 0.0121 18.58
2000052909 0.0259 17.83
2000052910 0.0470 17.61
2000052911 0.0551 16.98
2000052912 0.0561 16.28
2000052913 0.0555 16.58
2000052914 0.0524 16.56
2000052915 0.0422 17.53
2000052916 0.0328 17.45
2000052917 0.0273 18.51
2000052918 0.0064 18.29
2000052919 0.0034 18.67
2000052920 0.0012 17.87
2000052921 0.0007 17.87
2000052922 0.0022 18.68
2000052923 0.0007 17.96
2000052924 0.0008 17.69
2000053001 0.0003 16.66
2000053002 0.0003 16.74
2000053003 0.0003 16.57
2000053004 0.0003 16.57
2000053005 0.0003 17.57
2000053006 0.0003 15.25
2000053007 0.0024 16.00
2000053008 0.0080 16.99
2000053009 0.0165 16.66
2000053010 0.0206 16.66
2000053011 0.0210 16.33
2000053012 3.0205 16.33
2000053013 0.0221 15.25
2000053014 0.0203 16.48
2000053015 0.0162 16.14
2000053016 0.0090 16.30
2000053017 0.0091 15.82
2000053018 0.0005 14.39
2000053019 0.0003 14.55
2000053020 0.0003 16.22
2000053021 0.0003 15.93
2000053022 0.0003 16.22
2000053023 0.0003 15.39
2000053024 0.0003 15.39
2000053101 0.0003 15.32
2000053102 0.0003 15.39
2000053103 0.0003 14.40
2000053104 0.0003 14.09
2000053105 0.0003 13.87
2000053106 0.0003 13.51
2000053107 0.0003 13.14
2000053108 0.0003 14.75
2000053109 0.0059 15.04
2000053110 0.0133 14.31
2000053111 0.0191 12.34
2000053112 0.0220 13.75
2000053113 0.0147 14.94
2000053114 0.0129 15.22
2000053115 0.0100 14.24
2000053116 0.0088 13.68
2000053117 0.0060 14.38
2000053118 0.0059 13.54
2000053119 0.0026 12.98
2000053120 0.0021 14.52
2000053121 0.0030 14.80
2000053122 0.0013 14.24
2000053123 0.0014 14.59
2000053124 0.0024 14.17
2000060101 0.0016 14.17
2000060102 0.0022 14.38
2000060103 0.0021 14.38
2000060104 0.0020 13.96
2000060105 0.0027 14.31
2000060106 0.0063 14.45
2000060107 0.0100 13.56
2000060108 0.0151 14.24
2000060109 0.0152 13.69
2000060110 0.0157 13.69
2000060111 0.0121 14.59
2000060112 3.0151 13.68
2000060113 0.0137 12.15
2000060114 0.0142 18.01
2000060115 0.0150 17.13
2000060116 0.0099 13.28
2000060117 0.0072 13.26
2000060118 0.0084 12.35
2000060119 0.0035 11.66
2000060120 0.0044 13.89
2000060121 0.0026 14.24
2000060122 0.0062 12.42
2000060123 0.0032 12.76
2000060124 0.0042 14.03
2000060201 0.0013 13.76
2000060202 0.0003 13.63
2000060203 0.0003 13.09
2000060204 0.0003 11.69
2000060205 0.0006 12.02
2000060206 0.0026 11.62
2000060207 0.0083 10.91
2000060208 0.0136 12.38
2000060209 0.0158 14.16
2000060210 0.0186 12.76
2000060211 0.0207 12.65
2000060212 0.0231 12.52
2000060213 0.0236 11.50
2000060214 0.0225 13.91
2000060215 0.0199 13.78
2000060216 0.0098 12.59
2000060217 0.0089 13.46
2000060218 0.0046 12.12
2000060219 0.0027 10.40
2000060220 0.0008 13.08
2000060221 0.0006 13.59
2000060222 0.0012 12.95
2000060223 0.0010 12.63
2000060224 0.0003 12.40
2000060301 0.0003 12.57
2000060302 0.0003 12.10
2000060303 0.0003 10.52
2000060304 0.0003 10.09
2000060305 0.0030 10.88
2000060306 0.0052 10.70
2000060307 0.0076 10.09
2000060308 0.0157 11.31
2000060309 0.0152 12.04
2000060310 0.0217 11.31
2000060311 0.0168 11.73
2000060312 0.0105 12.10
2000060313 0.0109 11.77
2000060314 0.0079 11.83
2000060315 0.0086 12.12
2000060316 0.0067 12.24
2000060317 0.0073 11.95
2000060318 0.0063 10.27
2000060319 0.0022 9.63
2000060320 0.0023 11.66
2000060321 0.0013 11.19
2000060322 0.0010 11.37
2000060323 0.0012 11.37
2000060324 0.0007 11.14
2000060401 0.0013 11.73
2000060402 0.0011 11.43
2000060403 1.0013 9.42
2000060404 1.0003 11.73
2000060405 1.0198 10.88
2000060406 0.0026 10.46
2000060407 0.0051 10.40
2000060408 0.0057 10.21
2000060409 0.0083 11.19
2000060410 0.0101 11.72
2000060411 0.0117 11.48
2000060412 0.0177 11.31
2000060413 0.0145 10.96
2000060414 0.0155 10.90
2000060415 0.0183 10.71
2000060416 0.0123 10.65
2000060417 0.0081 10.93
2000060418 0.0049 9.44
2000060419 0.0014 8.83
2000060420 0.0003 10.65
2000060421 0.0164 11.04
2000060422 0.0003 10.32
2000060423 0.0198 10.49
2000060424 0.0003 10.71
2000060501 0.0000 10.76
2000060502 0.0000 10.32
2000060503 0.0000 10.49
2000060504 0.0000 8.56
2000060505 0.0000 8.94
2000060506 0.0000 9.00
2000060507 0.0000 8.89
2000060508 0.0000 8.61
2000060509 0.0000 9.66
2000060510 0.0000 10.38
2000060511 0.0000 10.38
2000060512 0.0000 9.92
2000060513 0.0000 8.51
2000060514 0.0000 9.40
2000060515 0.0000 9.98
2000060516 0.0000 9.71
2000060517 0.0000 10.08
2000060518 0.0000 8.40
2000060519 0.0000 7.72
2000060520 0.0000 10.13
2000060521 0.0000 9.82
2000060522 0.0000 10.03
2000060523 0.0000 9.98
2000060524 0.0000 10.08
2000060601 0.0000 9.19
2000060602 0.0000 7.82
2000060603 0.0000 8.35
2000060604 0.0000 9.08
2000060605 0.0000 7.88
2000060606 0.0000 7.46
2000060607 0.0000 8.24
2000060608 0.0000 8.40
2000060609 0.0000 9.50
2000060610 0.0000 9.98
2000060611 0.0000 9.50
2000060612 0.0000 10.08
2000060613 0.0000 8.27
2000060614 0.0000 8.66
2000060615 0.0000 9.36
2000060616 0.0000 9.46
2000060617 0.0000 9.56
2000060618 0.0000 8.37
2000060619 6.0000 9.45
2000060620 1.0000 12.99
2000060621 2.0000 11.80
2000060622 1.0000 13.40
2000060623 1.0000 13.69
2000060624 0.0000 10.85
2000060701 0.0000 11.86
2000060702 0.0000 10.64
2000060703 0.0000 10.09
2000060704 0.0000 10.03
2000060705 0.0000 9.05
2000060706 0.0000 9.16
2000060707 0.0000 8.51
2000060708 0.0000 8.51
2000060709 0.0000 9.40
2000060710 0.0000 10.29
2000060711 0.0000 9.56
2000060712 0.0000 9.98
2000060713 0.0000 7.82
2000060714 0.0000 8.77
2000060715 0.0000 9.56
2000060716 0.0000 8.37
2000060717 0.0000 9.36
2000060718 0.0000 7.57
2000060719 0.0000 7.32
2000060720 0.0000 9.31
2000060721 0.0000 9.26
2000060722 0.0000 8.86
2000060723 0.0000 9.26
2000060724 0.0000 9.06
2000060801 0.0000 8.67
2000060802 0.0000 8.42
2000060803 0.0000 7.37
2000060804 0.0000 7.02
2000060805 0.0000 7.57
2000060806 0.0000 7.57
2000060807 0.0000 7.47
2000060808 0.0000 7.37
2000060809 0.0000 8.17
2000060810 0.0000 7.87
2000060811 1.0000 8.62
2000060812 1.0000 9.86
2000060813 1.0000 7.87
2000060814 0.0000 9.01
2000060815 2.0000 11.29
2000060816 0.0000 9.87
2000060817 1.0000 9.29
2000060818 3.0000 8.56
2000060819 0.0000 9.99
2000060820 0.0000 10.93
2000060821 0.0000 10.21
2000060822 0.0000 10.10
2000060823 0.0000 9.29
2000060824 0.0000 9.40
2000060901 0.0000 9.56
2000060902 0.0000 9.26
2000060903 0.0000 7.52
2000060904 0.0000 7.22
2000060905 0.0000 7.82
2000060906 0.0000 7.92
2000060907 0.0000 7.77
2000060908 0.0000 7.67
2000060909 0.0000 8.57
2000060910 0.0000 7.47
2000060911 0.0000 8.52
2000060912 0.0000 7.87
2000060913 0.0000 7.47
2000060914 0.0000 8.91
2000060915 0.0000 8.64
2000060916 0.0000 8.35
2000060917 0.0000 8.54
2000060918 0.0000 7.13
2000060919 0.0000 7.55
2000060920 0.0000 9.20
2000060921 0.0000 8.59
2000060922 0.0000 8.40
2000060923 0.0000 8.59
2000060924 0.0000 8.78
2000061001 0.0000 8.17
2000061002 0.0000 6.84
2000061003 0.0000 6.61
2000061004 0.0000 6.66
2000061005 0.0000 7.22
2000061006 0.0000 7.03
2000061007 0.0000 7.08
2000061008 0.0000 6.94
2000061009 0.0000 7.98
2000061010 0.0000 8.54
2000061011 0.0000 7.93
2000061012 0.0000 6.86
2000061013 0.0000 6.56
2000061014 0.0000 6.61
2000061015 0.0000 7.32
2000061016 0.0000 6.71
2000061017 0.0000 6.71
2000061018 0.0000 8.18
2000061019 0.0000 7.96
2000061020 0.0000 8.18
2000061021 0.0000 7.96
2000061022 0.0000 8.09
2000061023 0.0000 7.64
2000061024 0.0000 7.60
2000061101 0.0000 5.90
2000061102 0.0000 5.72
2000061103 0.0000 6.88
2000061104 0.0000 6.35
2000061105 0.0000 6.48
2000061106 0.0000 6.48
2000061107 0.0000 6.48
2000061108 0.0000 7.69
2000061109 0.0000 7.20
2000061110 0.0000 8.09
2000061111 0.0000 7.42
2000061112 0.0000 7.96
2000061113 0.0000 7.69
2000061114 0.0000 6.17
2000061115 0.0000 7.61
2000061116 0.0000 8.14
2000061117 0.0000 4.99
2000061118 0.0000 5.67
2000061119 0.0000 6.01
2000061120 0.0000 8.04
2000061121 0.0000 5.46
2000061122 0.0000 7.74
2000061123 0.0000 8.29
2000061124 0.0000 6.93
2000061201 0.0000 5.81
2000061202 0.0000 5.63
2000061203 0.0000 6.66
2000061204 0.0000 6.44
2000061205 0.0000 6.01
2000061206 0.0000 6.48
2000061207 0.0000 6.47
2000061208 0.0000 7.53
2000061209 0.0000 6.81
2000061210 0.0000 5.63
2000061211 0.0000 5.50
2000061212 0.0000 5.94
2000061213 0.0000 6.77
2000061214 0.0000 7.06
2000061215 0.0000 7.32
2000061216 0.0000 6.77
2000061217 0.0000 7.23
2000061218 0.0000 5.84
2000061219 0.0000 5.75
2000061220 0.0000 7.44
2000061221 0.0000 7.40
2000061222 0.0000 6.89
2000061223 0.0000 7.61
2000061224 0.0000 7.02
2000061301 0.0000 5.54
2000061302 0.0000 5.54
2000061303 0.0000 5.33
2000061304 0.0000 5.96
2000061305 0.0000 5.84
2000061306 0.0000 5.84
2000061307 0.0000 5.71
2000061308 0.0000 6.64
2000061309 0.0000 6.73
2000061310 0.0000 7.02
2000061311 0.0000 6.87
2000061312 0.0000 5.68
2000061313 0.0000 5.68
2000061314 0.0000 6.62
2000061315 0.0000 6.74
2000061316 0.0000 7.54
2000061317 0.0000 7.61
2000061318 0.0000 5.15
2000061319 0.0000 5.27
2000061320 0.0000 6.98
2000061321 0.0000 5.63
2000061322 0.0000 6.73
2000061323 0.0000 7.19
2000061324 0.0000 6.62
2000061401 0.0000 4.53
2000061402 0.0000 4.95
2000061403 0.0000 5.29
2000061404 0.0000 5.80
2000061405 0.0000 5.80
2000061406 0.0000 5.47
2000061407 0.0000 5.43
2000061408 0.0000 5.95
2000061409 0.0000 7.18
2000061410 0.0000 5.91
2000061411 0.0000 5.19
2000061412 0.0000 4.95
2000061413 0.0000 5.19
2000061414 0.0000 6.98
2000061415 0.0000 6.50
2000061416 0.0000 6.46
2000061417 0.0000 6.46
2000061418 0.0000 4.67
2000061419 0.0000 5.63
2000061420 0.0000 6.74
2000061421 0.0000 6.42
2000061422 0.0000 6.18
2000061423 0.0000 6.46
2000061424 0.0000 6.10
2000061501 0.0000 4.75
2000061502 0.0000 5.11
2000061503 0.0000 4.99
2000061504 0.0000 5.59
2000061505 0.0000 5.43
2000061506 0.0000 5.43
2000061507 0.0000 6.10
2000061508 0.0000 6.66
2000061509 0.0000 6.70
2000061510 0.0000 5.55
2000061511 0.0000 4.47
2000061512 0.0000 4.79
2000061513 0.0000 4.87
2000061514 0.0000 6.58
2000061515 0.0000 6.39
2000061516 0.0000 6.90
2000061517 0.0000 4.93
2000061518 0.0000 4.78
2000061519 0.0000 4.78
2000061520 0.0000 7.06
2000061521 0.0000 7.66
2000061522 2.0000 7.66
2000061523 1.0000 7.54
2000061524 1.0000 7.54
2000061601 0.0000 7.19
2000061602 0.0000 5.86
2000061603 0.0000 5.81
2000061604 0.0000 5.84
2000061605 0.0000 5.75
2000061606 0.0000 5.71
2000061607 0.0000 5.39
2000061608 0.0000 5.43
2000061609 0.0000 5.95
2000061610 0.0000 7.38
2000061611 0.0000 6.82
2000061612 0.0000 7.42
2000061613 0.0000 5.43
2000061614 0.0000 5.95
2000061615 0.0000 7.18
2000061616 0.0000 6.50
2000061617 0.0000 6.58
2000061618 0.0000 4.93
2000061619 0.0000 4.78
2000061620 0.0000 7.22
2000061621 0.0000 7.07
2000061622 0.0000 5.43
2000061623 0.0000 5.83
2000061624 0.0000 6.99
2000061701 0.0000 5.75
2000061702 0.0000 4.66
2000061703 0.0000 4.70
2000061704 0.0000 4.74
2000061705 0.0000 5.19
2000061706 0.0000 5.15
2000061707 0.0000 5.04
2000061708 0.0000 5.04
2000061709 0.0000 6.20
2000061710 0.0000 6.77
2000061711 0.0000 6.67
2000061712 0.0000 5.77
2000061713 0.0000 4.71
2000061714 0.0000 6.05
2000061715 0.0000 6.92
2000061716 0.0000 5.98
2000061717 0.0000 5.94
2000061718 0.0000 4.66
2000061719 0.0000 4.51
2000061720 0.0000 6.28
2000061721 0.0000 5.98
2000061722 0.0000 4.44
2000061723 0.0000 5.49
2000061724 0.0000 6.69
2000061801 0.0000 6.43
2000061802 0.0000 5.79
2000061803 0.0000 4.14
2000061804 0.0000 4.21
2000061805 0.0000 4.44
2000061806 0.0000 5.00
2000061807 0.0000 4.89
2000061808 0.0000 6.47
2000061809 0.0000 6.02
2000061810 0.0000 6.50
2000061811 0.0000 5.56
2000061812 0.0000 4.52
2000061813 0.0000 4.28
2000061814 0.0000 5.26
2000061815 0.0000 6.67
2000061816 0.0000 4.52
2000061817 0.0000 4.80
2000061818 0.0000 4.52
2000061819 0.0000 6.99
2000061820 0.0000 6.25
2000061821 0.0000 5.86
2000061822 0.0000 4.48
2000061823 0.0000 5.19
2000061824 0.0000 5.72
2000061901 0.0000 5.68
2000061902 0.0000 4.20
2000061903 0.0000 4.31
2000061904 0.0000 4.24
2000061905 0.0000 4.77
2000061906 0.0000 4.66
2000061907 0.0000 4.66
2000061908 0.0000 6.04
2000061909 0.0000 5.82
2000061910 0.0000 5.65
2000061911 0.0000 6.11
2000061912 0.0000 3.71
2000061913 0.0000 5.97
2000061914 0.0000 6.14
2000061915 0.0000 6.04
2000061916 0.0000 5.82
2000061917 0.0000 3.07
2000061918 0.0000 4.06
2000061919 0.0000 4.02
2000061920 0.0000 4.34
2000061921 0.0000 4.62
2000061922 0.0000 4.66
2000061923 0.0000 5.68
2000061924 0.0000 4.66
2000062001 0.0000 6.07
2000062002 0.0000 3.95
2000062003 0.0000 4.13
2000062004 0.0000 4.34
2000062005 0.0000 4.87
2000062006 0.0000 4.66
2000062007 0.0000 4.59
2000062008 0.0000 5.44
2000062009 0.0000 5.68
2000062010 0.0000 5.90
2000062011 0.0000 6.35
2000062012 0.0000 5.58
2000062013 0.0000 3.95
2000062014 0.0000 6.57
2000062015 0.0000 6.25
2000062016 0.0000 5.90
2000062017 0.0000 5.61
2000062018 0.0000 3.59
2000062019 0.0000 3.75
2000062020 0.0000 5.44
2000062021 0.0000 6.11
2000062022 0.0000 3.85
2000062023 0.0000 4.08
2000062024 0.0000 4.31
2000062101 0.0000 5.51
2000062102 0.0000 3.49
2000062103 0.0000 3.74
2000062104 0.0000 3.92
2000062105 0.0000 3.92
2000062106 0.0000 4.08
2000062107 0.0000 4.38
2000062108 0.0000 5.68
2000062109 0.0000 6.21
2000062110 0.0000 6.07
2000062111 0.0000 5.41
2000062112 0.0000 6.34
2000062113 0.0000 3.47
2000062114 0.0000 5.48
2000062115 0.0000 5.08
2000062116 0.0000 3.39
2000062117 0.0000 3.69
2000062118 0.0000 3.85
2000062119 0.0000 4.38
2000062120 0.0000 5.44
2000062121 0.0000 5.35
2000062122 0.0000 2.79
2000062123 0.0000 6.34
2000062124 0.0000 5.51
2000062201 0.0000 5.51
2000062202 0.0000 2.36
2000062203 0.0000 3.12
2000062204 0.0000 3.65
2000062205 0.0000 4.18
2000062206 0.0000 4.55
2000062207 0.0000 4.35
2000062208 0.0000 4.81
2000062209 0.0000 5.21
2000062210 0.0000 5.68
2000062211 0.0000 5.25
2000062212 0.0000 5.99
2000062213 0.0000 3.86
2000062214 0.0000 6.51
2000062215 0.0000 5.88
2000062216 0.0000 3.69
2000062217 0.0000 3.38
2000062218 0.0000 3.57
2000062219 0.0000 3.63
2000062220 0.0000 4.96
2000062221 0.0000 5.30
2000062222 0.0000 4.02
2000062223 0.0000 3.85
2000062224 0.0000 5.58
2000062301 0.0000 5.74
2000062302 0.0000 3.72
2000062303 0.0000 3.62
2000062304 0.0000 3.59
2000062305 0.0000 3.59
2000062306 0.0000 4.05
2000062307 0.0000 4.05
2000062308 0.0000 5.31
2000062309 0.0000 5.08
2000062310 0.0000 5.84
2000062311 0.0000 5.94
2000062312 0.0000 5.23
2000062313 0.0000 3.73
2000062314 0.0000 6.18
2000062315 0.0000 5.39
2000062316 0.0000 5.58
2000062317 0.0000 3.47
2000062318 0.0000 3.38
2000062319 0.0000 3.41
2000062320 0.0000 3.38
2000062321 0.0000 5.64
2000062322 0.0000 2.95
2000062323 0.0000 4.37
2000062324 0.0000 4.31
2000062401 0.0000 5.18
2000062402 0.0000 3.84
2000062403 0.0000 3.78
2000062404 0.0000 3.81
2000062405 0.0000 3.72
2000062406 0.0000 3.94
2000062407 0.0000 4.25
2000062408 0.0000 3.97
2000062409 0.0000 3.97
2000062410 0.0000 3.29
2000062411 0.0000 6.08
2000062412 0.0000 5.78
2000062413 0.0000 5.47
2000062414 0.0000 5.49
2000062415 0.0000 6.17
2000062416 0.0000 3.91
2000062417 0.0000 3.60
2000062418 0.0000 3.38
2000062419 0.0000 3.78
2000062420 0.0000 4.56
2000062421 0.0000 4.46
2000062422 0.0000 2.82
2000062423 0.0000 3.13
2000062424 0.0000 5.55
2000062501 0.0000 5.02
2000062502 0.0000 3.69
2000062503 0.0000 3.60
2000062504 0.0000 3.44
2000062505 0.0000 3.35
2000062506 0.0000 3.66
2000062507 0.0000 3.69
2000062508 0.0000 3.63
2000062509 0.0000 3.72
2000062510 0.0000 5.95
2000062511 0.0000 5.41
2000062512 0.0000 4.29
2000062513 0.0000 6.62
2000062514 0.0000 3.41
2000062515 0.0000 3.63
2000062516 0.0000 3.57
2000062517 0.0000 3.44
2000062518 0.0000 3.63
2000062519 0.0000 4.09
2000062520 0.0000 5.08
2000062521 0.0000 4.81
2000062522 0.0000 3.38
2000062523 0.0000 3.26
2000062524 0.0000 6.67
2000062601 0.0000 4.96
2000062602 0.0000 1.71
2000062603 0.0000 2.48
2000062604 0.0000 2.98
2000062605 0.0000 3.78
2000062606 0.0000 3.91
2000062607 0.0000 3.75
2000062608 0.0000 3.75
2000062609 0.0000 4.37
2000062610 0.0000 5.33
2000062611 0.0000 4.56
2000062612 0.0000 4.26
2000062613 0.0000 2.95
2000062614 0.0000 4.68
2000062615 0.0000 4.43
2000062616 0.0000 2.81
2000062617 0.0000 3.32
2000062618 0.0000 3.38
2000062619 0.0000 3.31
2000062620 0.0000 4.50
2000062621 0.0000 4.61
2000062622 0.0000 2.54
2000062623 0.0000 2.49
2000062624 0.0000 5.12
2000062701 0.0000 4.71
2000062702 0.0000 4.81
2000062703 0.0000 3.26
2000062704 0.0000 3.19
2000062705 0.0000 3.29
2000062706 0.0000 3.35
2000062707 0.0000 3.81
2000062708 0.0000 3.75
2000062709 0.0000 4.50
2000062710 0.0000 4.68
2000062711 0.0000 4.68
2000062712 0.0000 4.68
2000062713 0.0000 5.43
2000062714 0.0000 10.49
2000062715 0.0000 5.58
2000062716 1.0000 4.24
2000062717 1.0000 4.02
2000062718 0.0000 4.20
2000062719 1.0000 4.69
2000062720 1.0000 5.93
2000062721 1.0000 5.68
2000062722 1.0000 4.17
2000062723 1.0000 4.21
2000062724 2.0000 7.03
2000062801 3.0000 4.35
2000062802 3.0000 4.82
2000062803 2.0000 5.45
2000062804 2.0000 6.98
2000062805 3.0000 7.96
2000062806 7.0000 10.19
2000062807 4.0000 12.25
2000062808 3.0000 15.47
2000062809 1.0000 26.63
2000062810 0.0000 22.88
2000062811 0.0000 21.04
2000062812 1.0000 16.77
2000062813 1.0000 15.69
2000062814 0.0000 14.26
2000062815 0.0000 11.37
2000062816 0.0000 9.71
2000062817 0.0000 9.06
2000062818 0.0000 8.45
2000062819 0.0000 7.66
2000062820 0.0000 9.22
2000062821 0.0000 7.88
2000062822 0.0000 7.57
2000062823 0.0000 7.03
2000062824 0.0000 6.66
2000062901 0.0000 6.61
2000062902 0.0000 5.23
2000062903 0.0000 4.83
2000062904 0.0000 4.74
2000062905 0.0000 6.01
2000062906 0.0000 5.25
2000062907 0.0000 5.88
2000062908 0.0000 5.07
2000062909 0.0000 5.63
2000062910 0.0000 6.86
2000062911 0.0000 7.10
2000062912 0.0000 6.14
2000062913 0.0000 4.29
2000062914 0.0000 7.22
2000062915 0.0000 6.77
2000062916 0.0000 6.24
2000062917 0.0000 4.10
2000062918 0.0000 4.17
2000062919 0.0000 4.81
2000062920 0.0000 6.09
2000062921 0.0000 5.86
2000062922 0.0000 5.86
2000062923 0.0000 5.72
2000062924 0.0000 5.93
2000063001 0.0000 5.75
2000063002 0.0000 5.68
2000063003 0.0000 3.99
2000063004 0.0000 3.85
2000063005 0.0000 3.85
2000063006 0.0000 3.92
2000063007 0.0000 4.94
2000063008 0.0000 5.12
2000063009 0.0000 5.51
2000063010 0.0000 5.57
2000063011 0.0000 5.68
2000063012 0.0000 5.61
2000063013 0.0000 3.64
2000063014 0.0000 4.70
2000063015 0.0000 6.36
2000063016 0.0000 6.12
2000063017 0.0000 5.75
2000063018 0.0000 4.07
2000063019 0.0000 3.73
2000063020 0.0000 5.10
2000063021 0.0000 4.92
2000063022 0.0000 3.59
2000063023 0.0000 5.75
2000063024 0.0000 5.16
