2008030101 0.0417 0.33
2008030102 0.0417 2.54
2008030103 0.0417 1.89
2008030104 0.0417 1.55
2008030105 0.0417 2.00
2008030106 0.0417 2.78
2008030107 0.0417 2.65
2008030108 0.0417 1.92
2008030109 0.0417 2.61
2008030110 0.0417 4.05
2008030111 0.0417 0.51
2008030112 0.0417 1.25
2008030113 0.0417 0.44
2008030114 0.0417 1.19
2008030115 0.0417 1.65
2008030116 0.0417 1.79
2008030117 0.0417 1.64
2008030118 0.0417 3.07
2008030119 0.0417 7.74
2008030120 0.0417 1.37
2008030121 0.0417 1.37
2008030122 0.0417 1.37
2008030123 0.0417 0.43
2008030124 0.0417 0.39
2008030201 0.0417 2.22
2008030202 0.0417 1.85
2008030203 0.0417 1.86
2008030204 0.0417 1.85
2008030205 0.0417 2.64
2008030206 0.0417 3.06
2008030207 0.0417 2.28
2008030208 0.0417 0.61
2008030209 0.0417 2.00
2008030210 0.0417 2.56
2008030211 0.0417 2.67
2008030212 0.0417 3.61
2008030213 0.0417 2.77
2008030214 0.0417 1.26
2008030215 0.0417 1.84
2008030216 0.0417 1.22
2008030217 0.0417 0.85
2008030218 0.0417 0.77
2008030219 0.0417 0.50
2008030220 0.0417 1.22
2008030221 0.0417 1.80
2008030222 0.0417 1.97
2008030223 0.0417 2.03
2008030224 0.0417 1.49
2008030301 0.0417 1.81
2008030302 0.0417 1.99
2008030303 0.0417 2.28
2008030304 0.0417 2.70
2008030305 0.0417 2.33
2008030306 0.0417 2.44
2008030307 0.0417 2.75
2008030308 0.0417 1.78
2008030309 0.0417 0.72
2008030310 0.0417 2.37
2008030311 0.0417 2.37
2008030312 0.0417 2.37
2008030313 0.0417 2.37
2008030314 0.0417 2.37
2008030315 0.0417 2.37
2008030316 0.0417 2.37
2008030317 0.0417 8.10
2008030318 0.0417 1.68
2008030319 0.0417 2.09
2008030320 0.0417 2.12
2008030321 0.0417 2.75
2008030322 0.0417 3.68
2008030323 0.0417 0.77
2008030324 0.0417 0.00
2008030401 0.0417 3.61
2008030402 0.0417 0.00
2008030403 0.0417 1.34
2008030404 0.0417 2.94
2008030405 0.0417 1.10
2008030406 0.0417 0.00
2008030407 0.0417 0.88
2008030408 0.0417 3.39
2008030409 0.0417 2.15
2008030410 0.0417 2.40
2008030411 0.0417 2.10
2008030412 0.0417 2.27
2008030413 0.0417 0.53
2008030414 0.0417 3.57
2008030415 0.0417 3.17
2008030416 0.0417 0.95
2008030417 0.0417 2.07
2008030418 0.0417 2.19
2008030419 0.0417 1.89
2008030420 0.0417 0.71
2008030421 0.0417 1.07
2008030422 0.0417 1.40
2008030423 0.0417 1.93
2008030424 0.0417 3.08
2008030501 0.0417 2.79
2008030502 0.0417 1.93
2008030503 0.0417 1.27
2008030504 0.0417 2.31
2008030505 0.0417 1.39
2008030506 0.0417 1.77
2008030507 0.0417 1.86
2008030508 0.0417 1.99
2008030509 0.0417 2.51
2008030510 0.0417 1.90
2008030511 0.0417 1.99
2008030512 0.0417 2.46
2008030513 0.0417 2.04
2008030514 0.0417 1.92
2008030515 0.0417 1.99
2008030516 0.0417 1.27
2008030517 0.0417 0.83
2008030518 0.0417 1.21
2008030519 0.0417 1.41
2008030520 0.0417 1.45
2008030521 0.0417 1.21
2008030522 0.0417 1.36
2008030523 0.0417 2.60
2008030524 0.0417 5.15
2008030601 0.0417 2.54
2008030602 0.0417 1.63
2008030603 0.0417 2.25
2008030604 0.0417 2.08
2008030605 0.0417 0.49
2008030606 0.0417 0.20
2008030607 0.0417 1.41
2008030608 0.0417 2.32
2008030609 0.0417 1.68
2008030610 0.0417 1.68
2008030611 0.0417 1.68
2008030612 0.0417 1.68
2008030613 0.0417 1.68
2008030614 0.0417 1.68
2008030615 0.0417 1.68
2008030616 0.0417 2.10
2008030617 0.0417 2.10
2008030618 0.0417 2.10
2008030619 0.0417 2.10
2008030620 0.0417 2.10
2008030621 0.0417 2.10
2008030622 0.0417 2.10
2008030623 0.0417 2.10
2008030624 0.0417 2.10
2008030701 0.0417 0.19
2008030702 0.0417 2.79
2008030703 0.0417 2.21
2008030704 0.0417 0.34
2008030705 0.0417 0.06
2008030706 0.0417 0.02
2008030707 0.0417 0.02
2008030708 0.0417 0.47
2008030709 0.0417 0.47
2008030710 0.0417 1.21
2008030711 0.0417 1.50
2008030712 0.0417 1.91
2008030713 0.0417 2.13
2008030714 0.0417 1.86
2008030715 0.0417 1.98
2008030716 0.0417 2.04
2008030717 0.0417 1.88
2008030718 0.0417 1.88
2008030719 0.0417 1.58
2008030720 0.0417 1.63
2008030721 0.0417 1.66
2008030722 0.0417 1.73
2008030723 0.0417 2.11
2008030724 0.0417 3.17
2008030801 0.0417 1.55
2008030802 0.0417 1.34
2008030803 0.0417 2.43
2008030804 0.0417 2.43
2008030805 0.0417 0.91
2008030806 0.0417 0.63
2008030807 0.0417 1.14
2008030808 0.0417 1.33
2008030809 0.0417 1.94
2008030810 0.0417 3.26
2008030811 0.0417 1.41
2008030812 0.0417 1.75
2008030813 0.0417 1.32
2008030814 0.0417 1.63
2008030815 0.0417 1.66
2008030816 0.0417 1.68
2008030817 0.0417 1.64
2008030818 0.0417 1.78
2008030819 0.0417 1.82
2008030820 0.0417 1.80
2008030821 0.0417 1.85
2008030822 0.0417 2.45
2008030823 0.0417 2.56
2008030824 0.0417 3.30
2008030901 0.0417 2.44
2008030902 0.0417 2.01
2008030903 0.0417 1.86
2008030904 0.0417 1.93
2008030905 0.0417 1.78
2008030906 0.0417 1.71
2008030907 0.0417 1.93
2008030908 0.0417 1.52
2008030909 0.0417 1.12
2008030910 0.0417 1.19
2008030911 0.0417 1.42
2008030912 0.0417 1.51
2008030913 0.0417 1.58
2008030914 0.0417 2.26
2008030915 0.0417 2.37
2008030916 0.0417 2.45
2008030917 0.0417 2.47
2008030918 0.0417 2.48
2008030919 0.0417 2.57
2008030920 0.0417 2.06
2008030921 0.0417 2.07
2008030922 0.0417 2.07
2008030923 0.0417 2.08
2008030924 0.0417 2.91
2008031001 0.0417 3.15
2008031002 0.0417 2.72
2008031003 0.0417 2.07
2008031004 0.0417 1.77
2008031005 0.0417 0.99
2008031006 0.0417 0.62
2008031007 0.0417 0.76
2008031008 0.0417 0.67
2008031009 0.0417 1.61
2008031010 0.0417 1.95
2008031011 0.0417 2.87
2008031012 0.0417 2.13
2008031013 0.1642 1.97
2008031014 0.0882 2.06
2008031015 0.0924 2.07
2008031016 0.0699 2.07
2008031017 0.0417 1.85
2008031018 0.0417 1.92
2008031019 0.0417 1.93
2008031020 0.0417 1.84
2008031021 0.0417 1.92
2008031022 0.0417 2.43
2008031023 0.0417 3.62
2008031024 0.0417 4.22
2008031101 0.0417 1.92
2008031102 0.0417 1.95
2008031103 0.0417 1.98
2008031104 0.0417 2.96
2008031105 0.0417 1.13
2008031106 0.0417 0.73
2008031107 0.0417 0.82
2008031108 0.0417 1.15
2008031109 0.0417 1.75
2008031110 0.0417 4.47
2008031111 0.0417 1.94
2008031112 0.0417 0.90
2008031113 0.0417 1.22
2008031114 0.0417 1.37
2008031115 0.0417 2.36
2008031116 0.0417 2.46
2008031117 0.0417 2.05
2008031118 0.0417 1.60
2008031119 0.0417 2.01
2008031120 0.0417 2.39
2008031121 0.0417 2.39
2008031122 0.0417 2.29
2008031123 0.0417 2.61
2008031124 0.0417 2.49
2008031201 0.0417 3.02
2008031202 0.0417 2.37
2008031203 0.0417 1.95
2008031204 0.0417 2.23
2008031205 0.0417 2.72
2008031206 0.0417 2.79
2008031207 0.0417 2.48
2008031208 0.0417 0.95
2008031209 0.0417 0.25
2008031210 0.0417 0.88
2008031211 0.0417 1.36
2008031212 0.0417 1.65
2008031213 0.0417 1.65
2008031214 0.0417 1.87
2008031215 0.0417 2.06
2008031216 0.0419 2.22
2008031217 0.0419 2.10
2008031218 0.0419 1.86
2008031219 0.0419 1.86
2008031220 0.0418 1.77
2008031221 0.0418 1.72
2008031222 0.0418 2.01
2008031223 0.0418 2.13
2008031224 0.0418 2.68
2008031301 0.0418 3.67
2008031302 0.0418 2.68
2008031303 0.0418 2.00
2008031304 0.0418 2.29
2008031305 0.0418 2.29
2008031306 0.0418 2.08
2008031307 0.0418 2.22
2008031308 0.0418 2.00
2008031309 0.0418 1.48
2008031310 0.0418 1.77
2008031311 0.0418 1.80
2008031312 0.0418 2.03
2008031313 0.0418 2.11
2008031314 0.0419 2.26
2008031315 0.0419 2.32
2008031316 0.0419 2.31
2008031317 0.0419 2.30
2008031318 0.0419 2.34
2008031319 0.0419 2.18
2008031320 0.0419 2.09
2008031321 0.0419 2.36
2008031322 0.0419 2.83
2008031323 0.0419 2.76
2008031324 0.0418 2.38
2008031401 0.0418 2.04
2008031402 0.0418 1.96
2008031403 0.0418 1.99
2008031404 0.0418 0.88
2008031405 0.0418 1.25
2008031406 0.0418 1.46
2008031407 0.0488 1.54
2008031408 0.1066 1.82
2008031409 0.0418 1.67
2008031410 0.1453 2.74
2008031411 0.0573 2.97
2008031412 0.0953 3.06
2008031413 0.0418 3.07
2008031414 0.2671 2.38
2008031415 0.1573 2.52
2008031416 0.065 2.51
2008031417 0.0418 2.43
2008031418 0.0418 2.50
2008031419 0.0418 4.50
2008031420 0.0418 7.37
2008031421 0.0418 2.58
2008031422 0.0418 2.58
2008031423 0.0417 1.18
2008031424 0.0417 1.96
2008031501 0.0417 2.69
2008031502 0.0417 2.39
2008031503 0.0417 3.20
2008031504 0.0417 3.04
2008031505 0.0417 3.36
2008031506 0.0417 2.67
2008031507 0.0417 3.50
2008031508 0.0417 3.98
2008031509 0.0417 4.34
2008031510 0.1079 4.28
2008031511 0.0417 4.17
2008031512 0.065 4.17
2008031513 0.0417 4.62
2008031514 0.0417 3.99
2008031515 0.0419 3.99
2008031516 0.042 4.06
2008031517 0.0566 3.72
2008031518 0.0424 3.72
2008031519 0.0422 3.80
2008031520 0.0421 4.09
2008031521 0.0421 3.94
2008031522 0.0421 4.17
2008031523 0.042 3.85
2008031524 0.042 4.26
2008031601 0.042 3.99
2008031602 0.042 3.85
2008031603 0.042 2.62
2008031604 0.0419 2.22
2008031605 0.0419 2.48
2008031606 0.0419 3.04
2008031607 0.0419 3.11
2008031608 0.0419 3.74
2008031609 0.0419 3.74
2008031610 0.0419 3.83
2008031611 0.0448 3.54
2008031612 0.0513 3.30
2008031613 0.0562 3.37
2008031614 0.0604 3.28
2008031615 0.0609 3.25
2008031616 0.0575 3.33
2008031617 0.0552 3.30
2008031618 0.0535 3.24
2008031619 0.0523 6.55
2008031620 0.0514 0.26
2008031621 0.0507 0.26
2008031622 0.0501 1.48
2008031623 0.0495 2.40
2008031624 0.049 3.36
2008031701 0.0485 3.41
2008031702 0.0481 3.28
2008031703 0.0477 3.44
2008031704 0.0474 3.25
2008031705 0.0471 2.40
2008031706 0.0468 1.78
2008031707 0.0465 1.93
2008031708 0.0463 2.78
2008031709 0.046 2.92
2008031710 0.0458 4.23
2008031711 0.0456 3.05
2008031712 0.0454 2.94
2008031713 0.0452 3.05
2008031714 0.0463 2.67
2008031715 0.0533 2.82
2008031716 0.0553 2.68
2008031717 0.0531 2.87
2008031718 0.0516 3.09
2008031719 0.0504 2.65
2008031720 0.0495 2.44
2008031721 0.0487 2.37
2008031722 0.0481 2.79
2008031723 0.0476 2.96
2008031724 0.0471 2.99
2008031801 0.0467 3.14
2008031802 0.0464 5.55
2008031803 0.0461 1.82
2008031804 0.0458 1.82
2008031805 0.0455 1.82
2008031806 0.0453 0.28
2008031807 0.045 1.02
2008031808 0.0448 1.20
2008031809 0.0447 1.78
2008031810 0.0445 4.01
2008031811 0.0448 3.65
2008031812 0.053 2.17
2008031813 0.0873 2.67
2008031814 0.1155 2.38
2008031815 0.1297 2.19
2008031816 0.1281 2.48
2008031817 0.117 3.49
2008031818 0.1082 3.06
2008031819 0.1012 3.42
2008031820 0.0953 2.32
2008031821 0.0903 2.52
2008031822 0.086 2.80
2008031823 0.0823 2.69
2008031824 0.079 2.90
2008031901 0.0771 2.61
2008031902 0.0743 2.99
2008031903 0.0719 2.56
2008031904 0.0697 0.41
2008031905 0.0677 1.32
2008031906 0.0658 1.33
2008031907 0.0642 1.92
2008031908 0.0627 2.43
2008031909 0.0613 2.93
2008031910 0.06 3.70
2008031911 0.0588 3.77
2008031912 0.0623 3.08
2008031913 0.0729 2.82
2008031914 0.0836 2.63
2008031915 0.0833 2.76
2008031916 0.0787 2.87
2008031917 0.075 2.73
2008031918 0.072 2.76
2008031919 0.0694 3.34
2008031920 0.0672 3.84
2008031921 0.0653 3.53
2008031922 0.0636 4.22
2008031923 0.0621 0.61
2008031924 0.0607 0.44
2008032001 0.06 1.16
2008032002 0.0588 1.92
2008032003 0.0577 2.06
2008032004 0.0567 2.16
2008032005 0.0557 1.93
2008032006 0.0548 1.83
2008032007 0.054 3.00
2008032008 0.0533 2.66
2008032009 0.0526 3.12
2008032010 0.0519 3.39
2008032011 0.0513 3.47
2008032012 0.0508 3.51
2008032013 0.0683 3.53
2008032014 0.0959 2.73
2008032015 0.1272 2.77
2008032016 0.1418 2.79
2008032017 0.1304 2.77
2008032018 0.1207 2.82
2008032019 0.1128 2.87
2008032020 0.1061 2.95
2008032021 0.1005 3.00
2008032022 0.0955 2.96
2008032023 0.0912 2.95
2008032024 0.0873 4.03
2008032101 0.0852 1.38
2008032102 0.0819 0.88
2008032103 0.0789 0.55
2008032104 0.0763 1.30
2008032105 0.0738 1.59
2008032106 0.0716 2.11
2008032107 0.0695 2.67
2008032108 0.0677 3.12
2008032109 0.0659 3.86
2008032110 0.0644 3.79
2008032111 0.066 2.68
2008032112 0.1028 3.18
2008032113 0.1629 2.72
2008032114 0.2091 3.38
2008032115 0.2442 2.77
2008032116 0.2435 2.08
2008032117 0.2227 2.45
2008032118 0.2055 2.25
2008032119 0.1909 3.00
2008032120 0.1783 3.08
2008032121 0.1672 4.30
2008032122 0.1573 4.23
2008032123 0.1485 4.18
2008032124 0.1406 5.05
2008032201 0.1344 5.60
2008032202 0.1278 3.55
2008032203 0.1217 3.28
2008032204 0.1161 1.87
2008032205 0.1111 2.18
2008032206 0.1064 2.38
2008032207 0.1021 3.95
2008032208 0.0981 3.47
2008032209 0.0945 4.15
2008032210 0.0911 4.30
2008032211 0.0887 4.15
2008032212 0.1185 4.15
2008032213 0.188 3.29
2008032214 0.2548 3.18
2008032215 0.3004 3.43
2008032216 0.3177 3.70
2008032217 0.2909 3.94
2008032218 0.2675 3.94
2008032219 0.2475 4.67
2008032220 0.2302 4.67
2008032221 0.2149 4.67
2008032222 0.2014 4.67
2008032223 0.1892 5.36
2008032224 0.1783 5.34
2008032301 0.1728 5.34
2008032302 0.1631 4.97
2008032303 0.1543 4.82
2008032304 0.1463 4.43
2008032305 0.139 3.68
2008032306 0.1322 5.13
2008032307 0.126 6.22
2008032308 0.1204 5.55
2008032309 0.1151 5.38
2008032310 0.1103 4.70
2008032311 0.1152 4.70
2008032312 0.1971 4.70
2008032313 0.3172 4.50
2008032314 0.3821 4.37
2008032315 0.3948 4.22
2008032316 0.3898 4.95
2008032317 0.3568 4.93
2008032318 0.3279 7.00
2008032319 0.303 7.04
2008032320 0.2813 6.86
2008032321 0.2621 7.18
2008032322 0.2449 6.94
2008032323 0.2295 7.35
2008032324 0.2156 6.91
2008032401 0.2066 6.59
2008032402 0.1945 6.48
2008032403 0.1836 6.09
2008032404 0.1736 4.39
2008032405 0.1644 3.73
2008032406 0.1559 4.83
2008032407 0.1482 5.20
2008032408 0.141 5.96
2008032409 0.1344 5.13
2008032410 0.1283 6.65
2008032411 0.1226 6.60
2008032412 0.1269 5.22
2008032413 0.1425 5.20
2008032414 0.1545 4.73
2008032415 0.1605 4.48
2008032416 0.1609 4.95
2008032417 0.1482 5.05
2008032418 0.1378 4.95
2008032419 0.1291 9.98
2008032420 0.1216 3.09
2008032421 0.115 0.26
2008032422 0.1092 1.41
2008032423 0.104 4.01
2008032424 0.0993 4.43
2008032501 0.0945 4.64
2008032502 0.0907 4.54
2008032503 0.0872 4.79
2008032504 0.084 4.52
2008032505 0.0812 4.38
2008032506 0.0785 4.04
2008032507 0.0761 4.14
2008032508 0.0738 4.19
2008032509 0.0718 4.33
2008032510 0.0704 4.77
2008032511 0.1558 4.25
2008032512 0.4252 4.58
2008032513 0.39 4.47
2008032514 0.4899 4.05
2008032515 0.5424 4.35
2008032516 0.5563 4.75
2008032517 0.5092 4.92
2008032518 0.4625 5.20
2008032519 0.4235 5.81
2008032520 0.3901 5.52
2008032521 0.3608 5.66
2008032522 0.335 5.71
2008032523 0.3119 6.12
2008032524 0.2912 5.76
2008032601 0.2782 5.96
2008032602 0.2603 6.09
2008032603 0.244 5.78
2008032604 0.2293 5.66
2008032605 0.2159 5.78
2008032606 0.2035 5.78
2008032607 0.1923 5.40
2008032608 0.1819 5.18
2008032609 0.1724 5.33
2008032610 0.1636 5.07
2008032611 0.1662 4.92
2008032612 0.1919 5.39
2008032613 0.3034 5.05
2008032614 0.3012 5.28
2008032615 0.2776 4.41
2008032616 0.2559 4.35
2008032617 0.236 4.86
2008032618 0.2179 4.50
2008032619 0.202 5.71
2008032620 0.1883 4.57
2008032621 0.1763 4.79
2008032622 0.1657 4.81
2008032623 0.1561 5.15
2008032624 0.1475 5.25
2008032701 0.1398 4.95
2008032702 0.1327 4.42
2008032703 0.1262 4.81
2008032704 0.1203 4.81
2008032705 0.1149 4.71
2008032706 0.1099 4.38
2008032707 0.1053 4.40
2008032708 0.1011 4.79
2008032709 0.0972 4.64
2008032710 0.0936 4.56
2008032711 0.1015 4.64
2008032712 0.0871 4.71
2008032713 0.085 5.01
2008032714 0.0825 4.68
2008032715 0.0842 4.50
2008032716 0.094 4.38
2008032717 0.0946 4.38
2008032718 0.088 4.67
2008032719 0.0826 5.47
2008032720 0.0785 5.11
2008032721 0.075 4.12
2008032722 0.0722 4.38
2008032723 0.0697 4.34
2008032724 0.0675 5.02
2008032801 0.065 5.33
2008032802 0.0633 4.33
2008032803 0.0618 3.90
2008032804 0.0605 6.13
2008032805 0.0592 2.45
2008032806 0.0581 4.16
2008032807 0.0571 4.71
2008032808 0.0561 5.52
2008032809 0.0552 2.74
2008032810 0.0544 0.64
2008032811 0.0536 0.90
2008032812 0.0562 2.39
2008032813 0.0582 3.88
2008032814 0.0614 5.30
2008032815 0.0599 5.81
2008032816 0.0566 4.20
2008032817 0.0546 3.72
2008032818 0.0531 3.86
2008032819 0.0519 3.92
2008032820 0.0509 3.85
2008032821 0.0501 4.16
2008032822 0.0494 4.40
2008032823 0.0488 4.45
2008032824 0.0483 4.34
2008032901 0.0478 3.79
2008032902 0.0474 3.35
2008032903 0.047 3.36
2008032904 0.0466 3.62
2008032905 0.0463 3.83
2008032906 0.046 3.92
2008032907 0.0458 4.14
2008032908 0.0455 4.18
2008032909 0.0453 4.05
2008032910 0.0451 3.97
2008032911 0.0449 3.76
2008032912 0.0447 3.83
2008032913 0.0445 3.76
2008032914 0.0444 3.74
2008032915 0.0442 3.78
2008032916 0.0474 3.79
2008032917 0.0467 3.79
2008032918 0.0463 3.79
2008032919 0.046 3.85
2008032920 0.0456 3.85
2008032921 0.0454 3.86
2008032922 0.0451 3.88
2008032923 0.0449 3.86
2008032924 0.0447 3.93
2008033001 0.0446 4.16
2008033002 0.0444 3.95
2008033003 0.0442 3.46
2008033004 0.044 3.06
2008033005 0.0439 3.16
2008033006 0.0437 3.18
2008033007 0.0436 3.37
2008033008 0.0435 3.63
2008033009 0.0434 3.63
2008033010 0.0433 3.48
2008033011 0.0432 3.60
2008033012 0.0635 3.42
2008033013 0.1331 3.52
2008033014 0.2037 3.83
2008033015 0.2492 3.81
2008033016 0.2417 3.85
2008033017 0.2162 4.03
2008033018 0.1971 4.31
2008033019 0.1815 4.37
2008033020 0.1683 4.21
2008033021 0.1568 4.51
2008033022 0.1468 4.45
2008033023 0.138 4.28
2008033024 0.1301 4.28
2008033101 0.124 4.16
2008033102 0.1175 4.29
2008033103 0.1116 4.27
2008033104 0.1063 4.53
2008033105 0.1015 4.82
2008033106 0.097 4.63
2008033107 0.093 3.74
2008033108 0.0893 4.01
2008033109 0.0859 3.83
2008033110 0.0828 3.90
2008033111 0.08 3.90
2008033112 0.1211 3.86
2008033113 0.1099 4.32
2008033114 0.1096 4.14
2008033115 0.1015 4.20
2008033116 0.0957 4.20
2008033117 0.0908 4.20
2008033118 0.0866 3.85
2008033119 0.0829 4.03
2008033120 0.0796 4.08
2008033121 0.0767 3.92
2008033122 0.074 4.09
2008033123 0.0716 4.16
2008033124 0.0694 4.56
2008040101 0.0674 3.06
2008040102 0.0656 6.42
2008040103 0.0639 0.71
2008040104 0.0624 4.21
2008040105 0.061 2.66
2008040106 0.0597 3.18
2008040107 0.0585 2.99
2008040108 0.0574 3.46
2008040109 0.0563 3.81
2008040110 0.0554 3.60
2008040111 0.0545 3.35
2008040112 0.0537 3.15
2008040113 0.0529 3.29
2008040114 0.0522 3.60
2008040115 0.0515 3.60
2008040116 0.0509 3.54
2008040117 0.0503 3.50
2008040118 0.0498 3.54
2008040119 0.0493 3.47
2008040120 0.0488 3.37
2008040121 0.0484 3.43
2008040122 0.048 3.38
2008040123 0.0476 3.50
2008040124 0.0472 3.53
2008040201 0.047 2.98
2008040202 0.0467 3.59
2008040203 0.0463 2.86
2008040204 0.0461 3.02
2008040205 0.0458 3.01
2008040206 0.0456 3.23
2008040207 0.0453 3.38
2008040208 0.0451 3.40
2008040209 0.0449 3.22
2008040210 0.0447 3.51
2008040211 0.0445 3.39
2008040212 0.0445 2.88
2008040213 0.0514 2.82
2008040214 0.0724 3.32
2008040215 0.103 3.36
2008040216 0.1276 3.39
2008040217 0.1166 3.55
2008040218 0.11 3.72
2008040219 0.1046 3.92
2008040220 0.1 3.97
2008040221 0.0958 3.97
2008040222 0.092 3.79
2008040223 0.0886 4.20
2008040224 0.0854 4.43
2008040301 0.0828 3.88
2008040302 0.0801 4.47
2008040303 0.0776 3.74
2008040304 0.0753 2.93
2008040305 0.0731 3.18
2008040306 0.0712 3.48
2008040307 0.0693 3.48
2008040308 0.0676 3.60
2008040309 0.066 3.71
2008040310 0.0645 3.71
2008040311 0.0631 3.83
2008040312 0.0618 3.93
2008040313 0.0606 4.09
2008040314 0.0599 4.12
2008040315 0.0589 4.19
2008040316 0.0595 3.74
2008040317 0.0573 3.97
2008040318 0.0562 3.88
2008040319 0.0553 3.90
2008040320 0.0545 3.83
2008040321 0.0537 3.83
2008040322 0.053 3.88
2008040323 0.0524 3.88
2008040324 0.0518 3.85
2008040401 0.0512 4.00
2008040402 0.0507 3.90
2008040403 0.0502 4.21
2008040404 0.0497 4.54
2008040405 0.0492 3.32
2008040406 0.0488 3.22
2008040407 0.0484 3.43
2008040408 0.048 3.68
2008040409 0.0477 3.79
2008040410 0.0473 3.76
2008040411 0.0503 3.17
2008040412 0.088 3.08
2008040413 0.1596 2.94
2008040414 0.3552 4.16
2008040415 0.3885 3.79
2008040416 0.3725 4.07
2008040417 0.3302 4.05
2008040418 0.299 6.54
2008040419 0.2732 5.66
2008040420 0.2514 5.90
2008040421 0.2325 5.36
2008040422 0.216 5.38
2008040423 0.2014 5.12
2008040424 0.1884 5.24
2008040501 0.1775 5.17
2008040502 0.1669 5.70
2008040503 0.1572 2.33
2008040504 0.1485 2.25
2008040505 0.1406 1.92
2008040506 0.1334 2.26
2008040507 0.1267 4.66
2008040508 0.1206 4.27
2008040509 0.1151 4.27
2008040510 0.11 4.08
2008040511 0.1105 4.38
2008040512 0.2342 4.54
2008040513 0.4042 4.03
2008040514 0.4342 4.03
2008040515 0.3961 4.03
2008040516 0.3703 4.03
2008040517 0.3353 5.26
2008040518 0.307 5.31
2008040519 0.2829 4.99
2008040520 0.2619 4.93
2008040521 0.2435 4.97
2008040522 0.2271 5.09
2008040523 0.2124 5.02
2008040524 0.1992 7.32
2008040601 0.1884 7.80
2008040602 0.1773 5.99
2008040603 0.1671 4.86
2008040604 0.1579 4.00
2008040605 0.1495 4.00
2008040606 0.1418 4.41
2008040607 0.1347 4.04
2008040608 0.1282 4.12
2008040609 0.1222 4.84
2008040610 0.1528 5.14
2008040611 0.317 6.45
2008040612 0.4989 5.96
2008040613 0.6671 5.73
2008040614 0.7772 5.85
2008040615 0.832 5.64
2008040616 0.7833 5.69
2008040617 0.7019 5.79
2008040618 0.6386 6.62
2008040619 0.5847 7.34
2008040620 0.5379 7.44
2008040621 0.4967 7.58
2008040622 0.46 8.32
2008040623 0.4271 9.23
2008040624 0.3975 10.79
2008040701 0.3733 9.24
2008040702 0.3483 8.41
2008040703 0.3256 8.13
2008040704 0.3048 7.12
2008040705 0.2858 5.95
2008040706 0.2684 5.96
2008040707 0.2524 7.78
2008040708 0.2377 8.52
2008040709 0.2242 7.71
2008040710 0.2117 7.45
2008040711 0.2001 6.92
2008040712 0.1895 6.73
2008040713 0.1796 5.54
2008040714 0.1813 5.59
2008040715 0.197 6.53
2008040716 0.2245 6.53
2008040717 0.2232 8.16
2008040718 0.2029 7.29
2008040719 0.1862 5.79
2008040720 0.1728 6.07
2008040721 0.1615 6.34
2008040722 0.1517 6.49
2008040723 0.1431 6.37
2008040724 0.1354 6.25
2008040801 0.1308 6.52
2008040802 0.1239 7.39
2008040803 0.1178 5.91
2008040804 0.1122 5.43
2008040805 0.1072 5.94
2008040806 0.1025 5.74
2008040807 0.0983 6.38
2008040808 0.0944 6.06
2008040809 0.0908 5.75
2008040810 0.103 5.69
2008040811 0.1984 5.61
2008040812 0.3524 5.93
2008040813 0.5028 6.23
2008040814 0.5873 6.24
2008040815 0.6269 6.64
2008040816 0.6114 7.60
2008040817 0.5328 8.28
2008040818 0.4779 8.28
2008040819 0.4341 8.28
2008040820 0.3971 11.02
2008040821 0.3651 10.82
2008040822 0.3369 11.00
2008040823 0.3118 11.00
2008040824 0.2894 10.07
2008040901 0.2722 9.40
2008040902 0.2534 9.48
2008040903 0.2365 8.80
2008040904 0.2212 8.80
2008040905 0.2074 8.80
2008040906 0.1948 8.06
2008040907 0.1833 7.72
2008040908 0.1728 7.86
2008040909 0.1632 7.86
2008040910 0.1605 7.60
2008040911 0.2352 7.91
2008040912 0.3865 7.87
2008040913 0.5476 7.87
2008040914 0.6321 8.75
2008040915 0.6838 8.75
2008040916 0.6365 8.75
2008040917 0.5585 12.09
2008040918 0.5063 13.19
2008040919 0.463 12.81
2008040920 0.4254 13.25
2008040921 0.3924 12.96
2008040922 0.3632 13.02
2008040923 0.337 12.25
2008040924 0.3136 12.19
2008041001 0.298 11.40
2008041002 0.2776 11.41
2008041003 0.2593 11.10
2008041004 0.2427 10.62
2008041005 0.2275 10.48
2008041006 0.2138 9.70
2008041007 0.2012 9.83
2008041008 0.1896 9.83
2008041009 0.1791 9.17
2008041010 0.174 9.17
2008041011 0.3319 9.17
2008041012 0.5094 9.13
2008041013 0.685 9.13
2008041014 0.7795 9.17
2008041015 0.8308 9.97
2008041016 0.7965 11.51
2008041017 0.7348 12.83
2008041018 0.6611 13.57
2008041019 0.5976 13.99
2008041020 0.5466 14.00
2008041021 0.5021 14.14
2008041022 0.4628 15.21
2008041023 0.4279 14.85
2008041024 0.3966 14.78
2008041101 0.3742 13.91
2008041102 0.3476 13.21
2008041103 0.3236 12.22
2008041104 0.3019 12.83
2008041105 0.2822 11.78
2008041106 0.2642 12.22
2008041107 0.2478 11.41
2008041108 0.2327 11.05
2008041109 0.219 11.15
2008041110 0.2191 11.20
2008041111 0.2776 10.34
2008041112 0.4237 10.24
2008041113 0.5281 10.34
2008041114 0.6311 10.34
2008041115 0.7347 10.95
2008041116 0.7836 10.95
2008041117 0.7007 11.84
2008041118 0.6281 13.06
2008041119 0.5636 13.91
2008041120 0.5138 13.28
2008041121 0.4708 13.57
2008041122 0.4332 14.28
2008041123 0.4 13.51
2008041124 0.3705 13.78
2008041201 0.3457 13.02
2008041202 0.3215 12.50
2008041203 0.2997 11.90
2008041204 0.28 12.60
2008041205 0.262 12.54
2008041206 0.2456 11.56
2008041207 0.2306 12.06
2008041208 0.2169 11.10
2008041209 0.2043 11.31
2008041210 0.1927 11.13
2008041211 0.2277 10.32
2008041212 0.19 10.24
2008041213 0.1811 10.20
2008041214 0.2271 10.20
2008041215 0.2288 10.05
2008041216 0.199 10.05
2008041217 0.1804 10.05
2008041218 0.1676 10.05
2008041219 0.1565 10.01
2008041220 0.1469 10.01
2008041221 0.1384 10.01
2008041222 0.1308 9.22
2008041223 0.124 9.22
2008041224 0.1178 9.13
2008041301 0.1127 8.45
2008041302 0.1075 8.40
2008041303 0.1028 8.60
2008041304 0.0985 8.60
2008041305 0.0945 8.68
2008041306 0.0909 8.68
2008041307 0.0875 8.04
2008041308 0.0844 8.08
2008041309 0.0815 7.75
2008041310 0.1305 8.53
2008041311 0.1954 7.85
2008041312 0.279 7.82
2008041313 0.325 8.00
2008041314 0.3105 7.78
2008041315 0.324 8.38
2008041316 0.2939 8.64
2008041317 0.2575 8.32
2008041318 0.234 8.91
2008041319 0.2145 9.49
2008041320 0.1979 8.56
2008041321 0.1835 8.56
2008041322 0.1709 8.87
2008041323 0.1598 8.87
2008041324 0.1499 8.83
2008041401 0.1417 8.70
2008041402 0.1335 8.12
2008041403 0.1262 8.40
2008041404 0.1196 8.52
2008041405 0.1135 7.89
2008041406 0.108 8.42
2008041407 0.103 8.34
2008041408 0.0985 8.15
2008041409 0.0943 8.10
2008041410 0.0904 8.03
2008041411 0.0869 7.96
2008041412 0.0837 7.82
2008041413 0.1672 7.79
2008041414 0.3825 8.25
2008041415 0.3262 8.53
2008041416 0.3362 8.00
2008041417 0.2908 7.93
2008041418 0.2536 8.03
2008041419 0.2284 8.64
2008041420 0.2088 8.28
2008041421 0.2155 8.46
2008041422 0.1781 8.03
2008041423 0.1657 8.18
2008041424 0.1549 8.39
2008041501 0.1502 8.00
2008041502 0.1404 8.43
2008041503 0.1318 8.18
2008041504 0.1242 8.08
2008041505 0.1174 7.71
2008041506 0.1112 8.25
2008041507 0.1057 8.15
2008041508 0.1006 8.18
2008041509 0.1852 7.64
2008041510 0.4298 7.57
2008041511 0.6771 7.67
2008041512 0.9125 7.71
2008041513 1.1233 8.02
2008041514 1.2547 9.26
2008041515 1.2632 9.90
2008041516 1.1616 11.82
2008041517 1.0048 12.74
2008041518 0.896 15.61
2008041519 0.8082 17.43
2008041520 0.7347 15.65
2008041521 0.671 16.09
2008041522 0.6152 17.35
2008041523 0.5657 15.25
2008041524 0.5216 14.61
2008041601 0.5146 14.17
2008041602 0.4716 14.64
2008041603 0.4337 11.36
2008041604 0.3999 11.21
2008041605 0.3696 12.87
2008041606 0.3424 11.77
2008041607 0.3178 11.43
2008041608 0.2955 11.01
2008041609 0.3133 14.26
2008041610 0.5478 12.62
2008041611 0.7649 11.49
2008041612 1.0179 11.70
2008041613 1.2528 11.82
2008041614 1.4007 13.22
2008041615 1.4461 16.09
2008041616 1.3011 16.35
2008041617 1.1795 18.13
2008041618 1.042 18.48
2008041619 0.9232 22.23
2008041620 0.8344 24.94
2008041621 0.7585 21.93
2008041622 0.6923 21.36
2008041623 0.6339 20.54
2008041624 0.582 19.79
2008041701 0.5635 19.01
2008041702 0.5156 18.35
2008041703 0.4732 18.83
2008041704 0.4355 17.16
2008041705 0.4017 17.16
2008041706 0.3714 16.11
2008041707 0.344 15.76
2008041708 0.3193 15.16
2008041709 0.4013 15.09
2008041710 0.7673 14.49
2008041711 1.0339 14.53
2008041712 1.2856 14.37
2008041713 1.4868 14.83
2008041714 1.6065 17.28
2008041715 1.6331 18.29
2008041716 1.5329 20.77
2008041717 1.3282 22.55
2008041718 1.1607 25.69
2008041719 1.0293 26.97
2008041720 0.9273 26.22
2008041721 0.8398 26.92
2008041722 0.7637 24.06
2008041723 0.6968 23.58
2008041724 0.6376 22.30
2008041801 0.6409 21.23
2008041802 0.5799 20.69
2008041803 0.5272 20.17
2008041804 0.4811 19.79
2008041805 0.4403 19.52
2008041806 0.4042 19.01
2008041807 0.3719 18.45
2008041808 0.3431 18.11
2008041809 0.4206 16.45
2008041810 0.653 16.45
2008041811 0.8946 16.45
2008041812 1.1138 16.45
2008041813 1.3 17.26
2008041814 1.3888 19.30
2008041815 1.4317 20.59
2008041816 1.3643 23.09
2008041817 1.2094 24.19
2008041818 1.0456 24.45
2008041819 0.8978 25.33
2008041820 0.801 25.32
2008041821 0.7198 24.65
2008041822 0.6501 24.47
2008041823 0.5895 24.78
2008041824 0.5365 22.39
2008041901 0.5253 21.79
2008041902 0.4748 22.37
2008041903 0.4311 21.79
2008041904 0.393 21.36
2008041905 0.3594 20.55
2008041906 0.3298 20.30
2008041907 0.3034 18.95
2008041908 0.3038 19.19
2008041909 0.6257 19.07
2008041910 1.0775 18.00
2008041911 1.3809 18.83
2008041912 1.641 18.60
2008041913 1.8407 19.64
2008041914 1.9429 22.51
2008041915 1.9243 23.70
2008041916 1.6761 26.56
2008041917 1.406 27.30
2008041918 1.2056 28.01
2008041919 1.0524 30.58
2008041920 0.9351 27.98
2008041921 0.8359 29.35
2008041922 0.7511 27.71
2008041923 0.6778 27.36
2008041924 0.6139 24.50
2008042001 0.6009 25.53
2008042002 0.54 25.56
2008042003 0.4877 23.74
2008042004 0.4423 23.48
2008042005 0.4026 20.43
2008042006 0.3676 22.09
2008042007 0.3367 21.38
2008042008 0.3107 20.52
2008042009 0.4736 21.10
2008042010 0.935 23.90
2008042011 1.2335 22.03
2008042012 1.4319 21.65
2008042013 1.5698 21.52
2008042014 1.691 23.86
2008042015 1.5806 26.49
2008042016 1.344 26.19
2008042017 1.0828 27.54
2008042018 0.9445 28.33
2008042019 0.8168 33.31
2008042020 0.7237 32.96
2008042021 0.6457 31.05
2008042022 0.5794 31.26
2008042023 0.5223 28.68
2008042024 0.4727 28.58
2008042101 0.4665 26.24
2008042102 0.4215 25.56
2008042103 0.377 25.17
2008042104 0.3415 25.53
2008042105 0.3106 22.80
2008042106 0.2836 24.12
2008042107 0.2602 22.51
2008042108 0.2503 21.53
2008042109 0.3762 22.15
2008042110 0.9853 22.85
2008042111 1.3908 21.62
2008042112 1.6221 23.71
2008042113 1.7402 24.15
2008042114 1.8849 25.78
2008042115 1.7759 27.53
2008042116 1.5849 30.27
2008042117 1.3314 32.88
2008042118 1.1219 33.92
2008042119 0.9215 36.76
2008042120 0.8002 34.25
2008042121 0.7044 33.98
2008042122 0.6246 33.87
2008042123 0.5572 30.85
2008042124 0.4996 28.97
2008042201 0.4958 26.65
2008042202 0.4786 26.86
2008042203 0.3909 24.85
2008042204 0.3752 26.85
2008042205 0.3162 28.66
2008042206 0.3152 28.30
2008042207 0.264 24.22
2008042208 0.2859 25.17
2008042209 0.7168 24.81
2008042210 1.3102 22.72
2008042211 1.653 22.94
2008042212 1.9474 23.73
2008042213 2.0953 27.18
2008042214 2.1601 26.41
2008042215 2.1024 28.63
2008042216 1.8177 31.59
2008042217 1.4246 32.41
2008042218 1.1867 33.53
2008042219 0.9664 35.37
2008042220 0.8301 34.56
2008042221 0.727 34.79
2008042222 0.6375 34.61
2008042223 0.5777 31.68
2008042224 0.5034 29.82
2008042301 0.5152 30.40
2008042302 0.4477 29.16
2008042303 0.3935 27.75
2008042304 0.3487 27.28
2008042305 0.311 26.11
2008042306 0.279 26.32
2008042307 0.2533 25.75
2008042308 0.2996 24.88
2008042309 0.9416 24.88
2008042310 1.3769 23.85
2008042311 1.6995 24.22
2008042312 1.9813 24.58
2008042313 2.1004 26.44
2008042314 1.8225 27.32
2008042315 1.2144 30.33
2008042316 0.9596 32.06
2008042317 0.7836 33.46
2008042318 0.6646 33.61
2008042319 0.574 33.22
2008042320 0.501 32.02
2008042321 0.4394 31.13
2008042322 0.3884 31.88
2008042323 0.3453 29.67
2008042324 0.3314 28.93
2008042401 0.3114 30.07
2008042402 0.4034 29.57
2008042403 0.2452 26.18
2008042404 0.2177 27.93
2008042405 0.1961 26.39
2008042406 0.1771 29.06
2008042407 0.1681 25.65
2008042408 0.1556 24.60
2008042409 0.1537 24.69
2008042410 0.2156 24.95
2008042411 0.4685 25.07
2008042412 2.5757 25.77
2008042413 3.4183 25.45
2008042414 4.2142 28.71
2008042415 3.4472 31.26
2008042416 2.4661 34.51
2008042417 1.6842 37.42
2008042418 1.3221 40.67
2008042419 0.9635 42.81
2008042420 0.728 43.15
2008042421 0.5709 42.24
2008042422 0.4549 38.90
2008042423 0.3683 41.93
2008042424 0.3093 35.55
2008042501 0.2197 34.44
2008042502 0.2075 33.44
2008042503 0.1662 31.69
2008042504 0.1645 31.28
2008042505 0.1333 29.51
2008042506 0.1364 31.26
2008042507 0.1193 27.63
2008042508 0.1786 26.29
2008042509 0.4104 27.25
2008042510 0.7099 26.50
2008042511 0.9173 26.75
2008042512 1.5166 25.01
2008042513 1.7464 26.31
2008042514 1.6886 26.81
2008042515 1.4568 26.67
2008042516 0.8254 28.08
2008042517 0.6425 28.03
2008042518 0.5261 27.67
2008042519 0.4656 31.11
2008042520 0.3764 21.08
2008042521 0.3489 24.24
2008042522 0.2826 30.39
2008042523 0.2824 28.29
2008042524 0.2204 24.68
2008042601 0.1977 24.13
2008042602 0.1925 24.91
2008042603 0.1606 24.24
2008042604 0.1463 24.80
2008042605 0.134 24.01
2008042606 0.1255 22.63
2008042607 0.1163 22.33
2008042608 0.1153 24.90
2008042609 0.1281 25.29
2008042610 0.5595 23.91
2008042611 1.0845 22.36
2008042612 0.9742 19.47
2008042613 1.2019 15.65
2008042614 1.161 30.06
2008042615 0.6353 27.95
2008042616 0.4636 22.56
2008042617 0.3818 15.98
2008042618 0.3283 21.05
2008042619 0.2733 31.13
2008042620 0.2727 26.48
2008042621 0.2065 20.82
2008042622 0.1826 20.63
2008042623 0.1866 24.83
2008042624 0.1468 22.02
2008042701 0.1275 20.93
2008042702 0.2912 22.73
2008042703 0.109 20.59
2008042704 0.1016 20.76
2008042705 0.0951 19.21
2008042706 0.0893 19.87
2008042707 0.0843 19.54
2008042708 0.0799 18.85
2008042709 0.1302 21.05
2008042710 0.1548 19.79
2008042711 0.1985 21.37
2008042712 0.4931 20.27
2008042713 1.0539 19.48
2008042714 0.757 17.91
2008042715 0.4997 15.24
2008042716 0.757 19.71
2008042717 0.227 20.79
2008042718 0.304 19.05
2008042719 0.1611 27.49
2008042720 0.1138 24.71
2008042721 0.0727 24.67
2008042722 0.0638 20.98
2008042723 0.06 21.17
2008042724 0.057 20.97
2008042801 0.0547 18.87
2008042802 0.0915 18.73
2008042803 0.0509 19.22
2008042804 0.0494 19.38
2008042805 0.0482 19.17
2008042806 0.0471 19.56
2008042807 0.0462 18.95
2008042808 0.0498 21.09
2008042809 0.1185 18.73
2008042810 0.2828 20.80
2008042811 0.9334 16.94
2008042812 0.8126 17.70
2008042813 0.717 19.25
2008042814 0.4102 17.31
2008042815 0.2595 17.91
2008042816 0.2008 18.82
2008042817 0.1822 18.73
2008042818 0.145 17.26
2008042819 0.1264 20.80
2008042820 0.1117 21.45
2008042821 0.1 15.09
2008042822 0.0907 19.96
2008042823 0.0831 16.68
2008042824 0.0768 16.68
2008042901 0.0722 15.78
2008042902 0.1218 16.17
2008042903 0.0639 15.18
2008042904 0.0741 16.29
2008042905 0.058 15.92
2008042906 0.0931 14.72
2008042907 0.0563 16.17
2008042908 0.0822 15.95
2008042909 0.0953 14.92
2008042910 0.6695 12.30
2008042911 1.0388 13.53
2008042912 0.8277 14.01
2008042913 1.0964 14.01
2008042914 0.7147 15.67
2008042915 0.7377 19.16
2008042916 0.3689 15.01
2008042917 0.2942 13.98
2008042918 0.2485 17.48
2008042919 0.2169 20.54
2008042920 0.1855 16.29
2008042921 0.1782 11.93
2008042922 0.1454 15.27
2008042923 0.1307 19.50
2008042924 0.1185 16.86
2008043001 0.1169 16.62
2008043002 0.1636 15.15
2008043003 0.0942 15.79
2008043004 0.0864 14.47
2008043005 0.0799 15.15
2008043006 0.0746 14.69
2008043007 0.0712 13.69
2008043008 0.0768 12.96
2008043009 0.0802 13.22
2008043010 0.118 14.06
2008043011 0.3551 13.53
2008043012 0.8691 14.16
2008043013 1.0914 13.53
2008043014 1.009 13.85
2008043015 1.1062 15.03
2008043016 1.0712 15.91
2008043017 0.952 14.96
2008043018 0.9254 15.20
2008043019 0.917 15.83
2008043020 0.9723 18.54
2008043021 1.0431 15.74
2008043022 0.9501 13.09
2008043023 0.9574 16.68
2008043024 0.9508 16.41
2008050101 0.9153 16.81
2008050102 0.5867 18.40
2008050103 0.4838 13.06
2008050104 0.5048 16.04
2008050105 0.3418 16.26
2008050106 0.6743 16.56
2008050107 1.3222 15.66
2008050108 1.8076 16.29
2008050109 2.1069 19.65
2008050110 2.1431 17.59
2008050111 2.3552 16.95
2008050112 2.974 18.13
2008050113 3.3946 18.18
2008050114 2.6768 19.05
2008050115 1.9154 24.22
2008050116 1.1758 24.97
2008050117 1.2506 27.44
2008050118 1.0331 28.13
2008050119 0.8538 28.44
2008050120 0.7979 28.75
2008050121 0.7167 27.49
2008050122 0.6668 26.78
2008050123 0.571 26.68
2008050124 0.4407 24.40
2008050201 0.4004 23.87
2008050202 0.3138 23.26
2008050203 0.2295 24.43
2008050204 0.1909 22.02
2008050205 0.1646 21.50
2008050206 0.1997 21.07
2008050207 0.6458 21.29
2008050208 1.2298 20.74
2008050209 1.9342 20.22
2008050210 2.3745 20.20
2008050211 2.6127 20.75
2008050212 2.5822 20.91
2008050213 2.7202 22.20
2008050214 2.5131 23.19
2008050215 2.2196 27.25
2008050216 1.5942 28.38
2008050217 0.9393 31.21
2008050218 0.7684 31.18
2008050219 0.5819 35.05
2008050220 0.4954 30.30
2008050221 0.391 28.99
2008050222 0.304 27.28
2008050223 0.3267 25.54
2008050224 0.2646 27.00
2008050301 0.4038 24.77
2008050302 0.287 23.99
2008050303 0.1837 23.45
2008050304 0.1642 25.01
2008050305 0.18 23.09
2008050306 0.2579 22.66
2008050307 0.6143 22.76
2008050308 1.1178 22.13
2008050309 1.7199 21.92
2008050310 1.9695 21.79
2008050311 1.288 22.13
2008050312 1.3479 22.66
2008050313 2.1738 25.77
2008050314 2.2622 26.81
2008050315 1.9591 26.83
2008050316 1.525 28.99
2008050317 1.1308 30.74
2008050318 0.7171 32.44
2008050319 0.531 31.42
2008050320 0.4202 29.74
2008050321 0.3159 29.13
2008050322 0.2022 29.01
2008050323 0.1706 25.57
2008050324 0.1536 27.30
2008050401 0.149 24.71
2008050402 0.1213 23.90
2008050403 0.1012 25.23
2008050404 0.0865 22.55
2008050405 0.075 22.88
2008050406 0.0839 22.88
2008050407 0.1249 22.33
2008050408 0.5811 22.07
2008050409 1.048 21.54
2008050410 1.3352 21.64
2008050411 1.6132 23.94
2008050412 1.8133 24.32
2008050413 1.9204 21.01
2008050414 1.8206 22.61
2008050415 1.347 23.54
2008050416 1.1529 26.23
2008050417 0.7051 26.66
2008050418 0.426 28.23
2008050419 0.2807 27.38
2008050420 0.3388 27.71
2008050421 0.1955 26.31
2008050422 0.1806 23.58
2008050423 0.297 24.04
2008050424 0.2606 23.99
2008050501 0.3197 23.14
2008050502 0.3463 22.66
2008050503 0.3883 22.76
2008050504 0.4259 22.72
2008050505 0.4377 22.23
2008050506 0.4772 22.73
2008050507 0.8794 22.55
2008050508 0.7023 22.88
2008050509 0.83 23.05
2008050510 1.0078 22.92
2008050511 1.1035 23.18
2008050512 1.111 23.47
2008050513 0.8956 24.48
2008050514 0.7181 24.50
2008050515 0.7611 27.58
2008050516 1.1072 26.24
2008050517 0.5751 25.97
2008050518 0.9004 27.28
2008050519 0.4026 25.72
2008050520 0.7786 26.51
2008050521 1.0468 28.40
2008050522 3.1443 26.24
2008050523 7.5399 28.12
2008050524 3.1558 30.68
2008050601 1.1638 33.75
2008050602 0.0535 37.49
2008050603 0.0424 37.72
2008050604 0.0383 35.84
2008050605 0.0296 34.79
2008050606 0.0261 32.87
2008050607 0.0434 30.68
2008050608 0.3273 27.05
2008050609 0.6663 27.59
2008050610 0.5576 24.71
2008050611 0.6227 23.01
2008050612 0.9859 24.04
2008050613 1.0181 27.66
2008050614 0.9993 24.61
2008050615 0.5509 23.83
2008050616 0.177 24.86
2008050617 0.0968 25.96
2008050618 0.2722 25.31
2008050619 0.0633 24.25
2008050620 0.0446 24.04
2008050621 0.2369 25.49
2008050622 0.7314 23.99
2008050623 0.0288 26.45
2008050624 3.7278 24.46
2008050701 1.122 26.61
2008050702 1.1608 25.24
2008050703 1.4084 26.18
2008050704 1.0783 25.14
2008050705 0.0162 28.16
2008050706 0.0155 28.24
2008050707 0.1156 26.67
2008050708 0.1008 26.06
2008050709 0.502 25.42
2008050710 0.7855 27.45
2008050711 0.9415 26.07
2008050712 0.9114 24.08
2008050713 0.9037 23.64
2008050714 0.9442 23.53
2008050715 0.8582 24.76
2008050716 0.5199 23.75
2008050717 0.1981 23.08
2008050718 0.0965 23.59
2008050719 0.0588 23.23
2008050720 0.0447 26.61
2008050721 0.0359 24.16
2008050722 0.03 23.66
2008050723 0.0286 22.53
2008050724 0.023 21.40
2008050801 0.0207 19.29
2008050802 0.0962 19.56
2008050803 0.0175 22.57
2008050804 0.0486 20.94
2008050805 0.0156 19.87
2008050806 0.0471 21.04
2008050807 0.0189 19.87
2008050808 0.0697 18.90
2008050809 0.1668 20.65
2008050810 0.5079 20.65
2008050811 0.3513 19.48
2008050812 0.6209 20.00
2008050813 0.8455 20.21
2008050814 0.5335 19.01
2008050815 0.4063 19.01
2008050816 0.2541 19.38
2008050817 0.1684 20.44
2008050818 0.0561 20.44
2008050819 0.0354 19.21
2008050820 0.0344 19.21
2008050821 0.0238 18.86
2008050822 0.0327 18.52
2008050823 0.0188 17.72
2008050824 0.0333 17.57
2008050901 0.0163 18.34
2008050902 0.0364 18.46
2008050903 0.0147 17.44
2008050904 0.0352 18.09
2008050905 0.0137 17.30
2008050906 0.0344 18.00
2008050907 0.0131 17.73
2008050908 0.0338 16.68
2008050909 0.0321 14.37
2008050910 0.1932 15.65
2008050911 0.1982 17.96
2008050912 0.3564 19.87
2008050913 0.2237 20.01
2008050914 0.2841 19.12
2008050915 0.0374 18.22
2008050916 0.0465 16.94
2008050917 0.0201 14.75
2008050918 0.0381 14.11
2008050919 0.0154 21.04
2008050920 0.0352 22.71
2008050921 0.0135 20.48
2008050922 0.0366 17.03
2008050923 0.0125 15.55
2008050924 0.0375 14.47
2008051001 0.012 14.69
2008051002 0.0308 15.30
2008051003 0.0117 15.72
2008051004 0.0208 15.08
2008051005 0.0115 15.74
2008051006 0.0206 15.08
2008051007 0.0114 13.32
2008051008 0.0205 15.08
2008051009 0.0174 17.82
2008051010 0.0235 16.58
2008051011 0.0494 16.38
2008051012 0.2985 13.87
2008051013 0.5474 13.95
2008051014 0.5321 13.55
2008051015 0.4985 10.18
2008051016 0.1341 13.55
2008051017 0.041 13.85
2008051018 0.0383 14.07
2008051019 0.023 17.99
2008051020 0.0285 17.99
2008051021 0.017 14.57
2008051022 0.0246 10.85
2008051023 0.0144 10.20
2008051024 0.0228 16.07
2008051101 0.0128 15.55
2008051102 0.0124 13.96
2008051103 0.0121 14.40
2008051104 0.0118 13.70
2008051105 0.0116 13.26
2008051106 0.0115 13.17
2008051107 0.013 12.65
2008051108 0.0409 13.08
2008051109 0.0777 12.57
2008051110 0.1227 13.58
2008051111 0.5158 14.08
2008051112 0.5139 13.96
2008051113 0.4797 12.91
2008051114 0.7093 12.56
2008051115 0.5704 13.52
2008051116 0.1584 14.05
2008051117 0.0502 10.80
2008051118 0.0354 12.73
2008051119 0.0275 16.01
2008051120 0.0227 15.72
2008051121 0.0196 10.89
2008051122 0.0175 8.97
2008051123 0.016 13.49
2008051124 0.015 14.25
2008051201 0.0142 13.50
2008051202 0.0176 13.53
2008051203 0.0131 12.46
2008051204 0.0194 12.16
2008051205 0.0124 12.01
2008051206 0.0167 12.24
2008051207 0.012 11.26
2008051208 0.0435 11.34
2008051209 0.0332 12.39
2008051210 0.0254 10.32
2008051211 0.07 12.20
2008051212 0.2312 14.08
2008051213 0.2272 8.59
2008051214 0.2197 6.99
2008051215 0.2112 10.49
2008051216 0.242 11.84
2008051217 0.0378 11.32
2008051218 0.0226 14.97
2008051219 0.0182 14.58
2008051220 0.0158 11.77
2008051221 0.0143 11.55
2008051222 0.0133 11.41
2008051223 0.0127 8.01
2008051224 0.0123 6.79
2008051301 0.0119 11.58
2008051302 0.0659 12.74
2008051303 0.0115 12.29
2008051304 0.087 12.03
2008051305 0.0113 11.57
2008051306 0.0876 11.44
2008051307 0.0292 11.44
2008051308 0.0439 11.31
2008051309 0.0259 10.89
2008051310 0.1717 11.38
2008051311 0.2729 10.40
2008051312 0.6797 10.40
2008051313 0.7448 6.96
2008051314 0.6786 6.63
2008051315 0.5852 11.31
2008051316 0.2347 12.40
2008051317 0.0511 15.00
2008051318 0.102 15.62
2008051319 0.0275 12.85
2008051320 0.1038 11.58
2008051321 0.0195 11.44
2008051322 0.0927 11.51
2008051323 0.0159 7.93
2008051324 0.099 6.03
2008051401 0.0652 10.64
2008051402 0.473 13.65
2008051403 0.0462 12.05
2008051404 0.4303 6.33
2008051405 0.0456 10.70
2008051406 0.4275 10.69
2008051407 0.0478 9.60
2008051408 0.4511 9.94
2008051409 0.2793 13.10
2008051410 0.417 14.08
2008051411 0.3968 9.84
2008051412 0.1592 9.48
2008051413 0.1521 5.05
2008051414 0.3561 7.89
2008051415 0.2932 7.62
2008051416 0.3749 7.29
2008051417 0.4484 11.10
2008051418 1.1471 12.26
2008051419 0.2713 12.84
2008051420 0.7024 14.80
2008051421 0.3537 11.20
2008051422 0.3679 7.43
2008051423 0.078 7.49
2008051424 0.2796 7.49
2008051501 0.0096 7.49
2008051502 0.0467 7.49
2008051503 0.1631 7.49
2008051504 0.0096 8.61
2008051505 0.0096 8.67
2008051506 0.4427 8.67
2008051507 0.299 9.78
2008051508 0.0453 9.78
2008051509 0.0302 10.19
2008051510 0.0994 10.09
2008051511 0.1332 10.70
2008051512 0.3327 14.27
2008051513 0.5665 6.27
2008051514 1.092 6.03
2008051515 0.3573 11.19
2008051516 0.4941 11.07
2008051517 0.2579 7.28
2008051518 0.1598 11.77
2008051519 0.0443 14.95
2008051520 0.0256 14.94
2008051521 0.0234 8.00
2008051522 0.0174 5.99
2008051523 0.0152 5.99
2008051524 0.0154 5.99
2008051601 0.0122 5.99
2008051602 0.0241 5.99
2008051603 0.0107 9.54
2008051604 0.0103 8.82
2008051605 0.0185 8.87
2008051606 0.0098 8.27
2008051607 0.037 8.27
2008051608 0.2938 9.20
2008051609 0.5761 9.05
2008051610 0.7048 8.32
2008051611 0.8285 12.46
2008051612 0.8627 13.80
2008051613 0.4192 5.53
2008051614 0.5192 5.21
2008051615 2.6572 11.69
2008051616 4.8752 14.15
2008051617 0.4097 14.29
2008051618 0.4449 14.04
2008051619 0.0477 12.69
2008051620 0.0231 13.39
2008051621 0.0175 12.02
2008051622 0.0158 11.27
2008051623 0.0153 10.89
2008051624 0.0136 10.27
2008051701 0.012 9.95
2008051702 0.0638 8.56
2008051703 0.0107 5.76
2008051704 0.0504 2.69
2008051705 0.0099 2.15
2008051706 0.0353 1.65
2008051707 0.0228 1.45
2008051708 0.0944 1.17
2008051709 0.5084 1.12
2008051710 0.6545 0.36
2008051711 0.4676 0.36
2008051712 2.7351 0.36
2008051713 5.5428 0.36
2008051714 1.1487 0.36
2008051715 0.4973 0.36
2008051716 0.4493 0.30
2008051717 0.2257 12.13
2008051718 0.1109 11.74
2008051719 0.0434 11.32
2008051720 0.0317 3.14
2008051721 0.0185 1.17
2008051722 0.0161 2.21
2008051723 0.0355 11.01
2008051724 0.0134 10.74
2008051801 0.0122 9.75
2008051802 0.0211 10.50
2008051803 0.0106 7.39
2008051804 0.0199 5.22
2008051805 0.0097 4.03
2008051806 0.0191 2.93
2008051807 0.0226 1.60
2008051808 0.1694 1.42
2008051809 0.4393 1.37
2008051810 0.5588 1.32
2008051811 0.6644 4.35
2008051812 0.549 1.56
2008051813 0.4901 1.56
2008051814 0.1678 1.56
2008051815 0.1241 0.67
2008051816 0.1353 1.40
2008051817 0.104 9.56
2008051818 0.0723 11.17
2008051819 0.0278 9.25
2008051820 0.0165 1.65
2008051821 0.0155 1.65
2008051822 0.0212 0.83
2008051823 0.0391 0.72
2008051824 0.0683 0.59
2008051901 0.0759 0.59
2008051902 0.0884 0.59
2008051903 0.0804 0.59
2008051904 0.0879 0.59
2008051905 0.0741 0.59
2008051906 0.1017 0.59
2008051907 0.1595 0.59
2008051908 0.2174 0.59
2008051909 0.5015 0.59
2008051910 0.223 0.59
2008051911 0.2864 0.18
2008051912 0.3077 0.09
2008051913 0.5783 0.09
2008051914 0.2585 0.68
2008051915 0.6282 5.85
2008051916 0.955 9.88
2008051917 0.64 8.95
2008051918 0.7572 10.14
2008051919 0.5466 11.46
2008051920 0.1496 11.76
2008051921 0.1326 10.34
2008051922 0.1223 10.26
2008051923 0.1474 13.42
2008051924 0.1383 12.10
2008052001 0.0956 11.64
2008052002 0.0492 10.76
2008052003 0.0452 9.86
2008052004 0.6608 9.75
2008052005 0.0955 8.94
2008052006 0.5931 9.20
2008052007 1.0962 8.75
2008052008 1.9314 9.05
2008052009 4.4509 10.72
2008052010 5.2687 11.94
2008052011 5.9694 12.95
2008052012 9.77 30.25
2008052013 9.3541 32.29
2008052014 9.7379 63.87
2008052015 8.5402 99.69
2008052016 11.5113 107.86
2008052017 10.3813 125.18
2008052018 8.4561 139.29
2008052019 4.5545 151.32
2008052020 1.4274 155.56
2008052021 2.8175 130.12
2008052022 4.2292 109.97
2008052023 3.636 87.17
2008052024 1.5258 88.62
2008052101 0.106 77.39
2008052102 0.1057 70.66
2008052103 0.5018 63.63
2008052104 0.2069 54.79
2008052105 0.5051 50.16
2008052106 0.6135 51.74
2008052107 0.9587 49.44
2008052108 0.1614 44.12
2008052109 0.7207 41.95
2008052110 0.3223 40.24
2008052111 0.5079 38.49
2008052112 0.2546 37.87
2008052113 0.2006 35.81
2008052114 0.0915 33.81
2008052115 0.084 34.10
2008052116 0.0699 31.76
2008052117 0.0514 31.30
2008052118 0.0298 30.81
2008052119 0.0212 29.07
2008052120 0.0278 27.67
2008052121 0.0257 26.71
2008052122 0.0234 26.71
2008052123 0.0158 26.46
2008052124 0.0133 24.71
2008052201 0.3061 24.00
2008052202 0.0042 24.97
2008052203 0.005 23.26
2008052204 0.0051 22.57
2008052205 0.003 22.31
2008052206 0.0041 22.31
2008052207 0.0138 20.94
2008052208 0.0336 20.94
2008052209 0.047 20.68
2008052210 0.0499 20.68
2008052211 0.0728 19.78
2008052212 0.0719 19.78
2008052213 0.0771 19.05
2008052214 0.0894 19.44
2008052215 0.0814 19.91
2008052216 0.0647 19.25
2008052217 0.0432 18.81
2008052218 0.0302 18.35
2008052219 0.0156 18.35
2008052220 0.0122 18.35
2008052221 0.011 17.45
2008052222 0.0106 17.01
2008052223 0.0075 17.63
2008052224 0.0043 17.80
2008052301 0.0056 17.28
2008052302 0.0047 16.68
2008052303 0.0023 16.68
2008052304 0.0018 16.51
2008052305 0.0014 16.34
2008052306 0.0011 15.80
2008052307 0.0057 15.04
2008052308 0.0179 15.50
2008052309 0.0292 15.66
2008052310 0.0372 15.35
2008052311 0.0345 15.19
2008052312 0.0374 14.12
2008052313 0.0448 15.07
2008052314 0.0491 14.92
2008052315 0.0472 14.54
2008052316 0.0336 13.98
2008052317 0.0236 14.27
2008052318 0.019 13.78
2008052319 0.0109 13.92
2008052320 0.0063 13.92
2008052321 0.0045 13.71
2008052322 0.0037 13.77
2008052323 0.0024 13.84
2008052324 0.0018 13.37
2008052401 0.0011 13.71
2008052402 0.0004 13.05
2008052403 0.0003 13.66
2008052404 0.0003 12.80
2008052405 0.0003 13.05
2008052406 0.0003 12.71
2008052407 0.0028 12.83
2008052408 0.0145 12.47
2008052409 0.0219 12.59
2008052410 0.0256 12.59
2008052411 0.0308 12.59
2008052412 0.0312 13.92
2008052413 0.0322 14.27
2008052414 0.0291 13.75
2008052415 0.0248 14.21
2008052416 0.0181 14.67
2008052417 0.0123 14.88
2008052418 0.0088 14.44
2008052419 0.0046 14.34
2008052420 0.0025 14.34
2008052421 0.0011 14.01
2008052422 0.0006 13.79
2008052423 0.002 13.69
2008052424 0.0041 13.69
2008052501 0.006 13.04
2008052502 0.0068 13.35
2008052503 0.0082 13.14
2008052504 0.0064 12.91
2008052505 0.0073 12.91
2008052506 0.0105 12.91
2008052507 0.0098 12.82
2008052508 0.4114 12.94
2008052509 1.7086 13.24
2008052510 0.0131 13.14
2008052511 0.0125 13.48
2008052512 0.207 13.24
2008052513 1.4081 13.65
2008052514 0.907 13.85
2008052515 1.308 14.32
2008052516 0.9086 14.56
2008052517 0.4058 13.90
2008052518 0.2021 14.56
2008052519 0.3018 14.34
2008052520 0.3028 14.23
2008052521 0.2026 14.12
2008052522 0.0024 13.68
2008052523 0.0024 12.84
2008052524 0.0034 13.14
2008052601 0.0013 12.72
2008052602 0.0011 12.82
2008052603 0.0004 12.20
2008052604 0.001 12.38
2008052605 0.001 11.95
2008052606 0.0006 12.30
2008052607 0.3049 12.21
2008052608 0.2153 12.12
2008052609 0.0236 11.95
2008052610 0.0276 12.04
2008052611 0.029 11.27
2008052612 0.0284 11.32
2008052613 0.2141 12.11
2008052614 0.006 11.61
2008052615 0.2063 11.69
2008052616 0.2057 11.86
2008052617 0.0031 12.20
2008052618 0.0006 12.11
2008052619 0.0006 11.77
2008052620 0.5003 12.03
2008052621 0.0003 12.03
2008052622 0.0003 12.11
2008052623 0.0003 11.64
2008052624 0.1003 11.16
2008052701 0.0003 11.83
2008052702 0.0003 11.37
2008052703 0.0003 11.14
2008052704 0.0003 10.98
2008052705 0.0003 10.85
2008052706 0.0003 11.14
2008052707 0.0003 10.53
2008052708 0.2003 10.31
2008052709 0.0083 10.64
2008052710 0.0177 12.78
2008052711 0.0218 13.27
2008052712 0.0137 11.07
2008052713 0.0071 9.15
2008052714 0.0043 10.52
2008052715 0.0036 12.67
2008052716 0.0018 9.53
2008052717 0.0003 7.84
2008052718 0.0003 9.90
2008052719 0.0003 11.95
2008052720 0.0003 12.31
2008052721 0.0003 10.36
2008052722 0.0003 8.06
2008052723 0.0003 9.31
2008052724 0.0003 9.31
2008052801 0.0003 9.31
2008052802 0.0003 9.15
2008052803 0.0003 9.15
2008052804 0.0003 9.15
2008052805 0.0003 9.09
2008052806 0.0003 9.09
2008052807 0.0003 9.09
2008052808 0.0003 10.00
2008052809 0.0102 9.61
2008052810 0.022 10.20
2008052811 0.0249 11.05
2008052812 0.0243 9.74
2008052813 0.0164 6.83
2008052814 0.0062 9.61
2008052815 0.0076 8.55
2008052816 0.0058 9.54
2008052817 0.0045 9.41
2008052818 0.0021 9.15
2008052819 0.0003 9.41
2008052820 0.0003 9.66
2008052821 0.0003 8.03
2008052822 0.0003 7.02
2008052823 0.0003 9.41
2008052824 0.0003 9.58
2008052901 0.0003 9.58
2008052902 0.0003 8.96
2008052903 0.0003 9.07
2008052904 0.0003 9.07
2008052905 0.0003 8.96
2008052906 0.0003 8.96
2008052907 0.0003 8.85
2008052908 0.0003 8.62
2008052909 0.0003 8.40
2008052910 0.0003 10.92
2008052911 0.0194 8.96
2008052912 0.0202 8.57
2008052913 0.0223 6.50
2008052914 0.0152 8.57
2008052915 0.0128 9.07
2008052916 0.0075 8.06
2008052917 0.0042 6.24
2008052918 0.0022 6.57
2008052919 0.0008 9.80
2008052920 0.0003 11.26
2008052921 0.0003 8.57
2008052922 0.0003 6.30
2008052923 0.0003 6.73
2008052924 0.0003 10.32
2008053001 0.0003 9.01
2008053002 0.0003 8.70
2008053003 0.0003 8.31
2008053004 0.0003 7.64
2008053005 0.0003 7.64
2008053006 0.0003 7.64
2008053007 0.0003 8.10
2008053008 0.0039 7.89
2008053009 0.0174 8.09
2008053010 0.0218 7.74
2008053011 0.0225 8.40
2008053012 0.0213 7.79
2008053013 0.0231 7.64
2008053014 0.0194 9.56
2008053015 0.0163 8.38
2008053016 0.0051 6.27
2008053017 0.0003 8.30
2008053018 0.0003 9.51
2008053019 0.0003 10.78
2008053020 0.0003 8.13
2008053021 0.0003 8.13
2008053022 0.0003 7.01
2008053023 0.0003 7.79
2008053024 0.0003 8.13
2008053101 0.2238 4.75
2008053102 1.3367 7.27
2008053103 0.2644 7.36
2008053104 1.3367 7.79
2008053105 0.2644 8.50
2008053106 1.3367 7.50
2008053107 0.3361 7.66
2008053108 0.7978 8.08
2008053109 0.9008 7.19
2008053110 1.2871 6.79
2008053111 1.4084 8.55
2008053112 1.2426 7.67
2008053113 1.3563 5.16
2008053114 0.5705 5.56
2008053115 0.8668 7.28
2008053116 0.3642 7.23
2008053117 0.1359 8.91
2008053118 0.0312 9.79
2008053119 0.7768 7.10
2008053120 0.0829 7.76
2008053121 0.9755 7.72
2008053122 1.2121 6.00
2008053123 1.9225 6.93
2008053124 1.6188 6.93
2008060101 1.4728 7.99
2008060102 0.7045 7.99
2008060103 1.0482 7.99
2008060104 0.3496 11.61
2008060105 0.0003 11.82
2008060106 0.0003 11.75
2008060107 0.0003 10.73
2008060108 0.0003 8.90
2008060109 0.0003 7.73
2008060110 0.0033 8.46
2008060111 0.008 10.08
2008060112 0.405 10.64
2008060113 0.0085 8.63
2008060114 0.0073 5.38
2008060115 0.8055 6.03
2008060116 0.404 9.45
2008060117 0.2035 10.10
2008060118 0.302 8.69
2008060119 0.0007 8.90
2008060120 0.0003 8.85
2008060121 0.7003 9.16
2008060122 0.2982 6.69
2008060123 0.1003 6.69
2008060124 0.0003 8.03
2008060201 0.3003 8.15
2008060202 0.0003 8.15
2008060203 0.0003 8.45
2008060204 0.0003 8.45
2008060205 0.0003 8.57
2008060206 0.0005 8.57
2008060207 0.0045 8.31
2008060208 0.0063 8.20
2008060209 0.209 8.80
2008060210 0.0079 5.77
2008060211 0.0107 6.02
2008060212 0.0116 8.33
2008060213 0.017 8.28
2008060214 0.0196 9.65
2008060215 0.0164 8.09
2008060216 0.0089 4.51
2008060217 0.0065 5.10
2008060218 0.0042 8.09
2008060219 0.0023 8.74
2008060220 0.0008 7.93
2008060221 0.0003 7.74
2008060222 0.0003 7.70
2008060223 0.0003 5.73
2008060224 0.0003 6.31
2008060301 0.0003 6.48
2008060302 0.0003 6.63
2008060303 0.0003 6.76
2008060304 0.0003 7.41
2008060305 0.0003 7.14
2008060306 0.0003 7.23
2008060307 0.0004 7.14
2008060308 0.0165 7.14
2008060309 0.0217 7.23
2008060310 0.0227 7.23
2008060311 0.0236 7.89
2008060312 0.0259 7.35
2008060313 0.0296 4.46
2008060314 0.0264 6.97
2008060315 0.0242 3.70
2008060316 0.0175 4.29
2008060317 0.01 6.16
2008060318 0.0063 8.20
2008060319 0.0049 9.61
2008060320 0.0024 7.14
2008060321 0.0047 7.31
2008060322 0.0036 6.38
2008060323 0.0035 5.48
2008060324 0.0031 6.03
2008060401 0.0048 6.03
2008060402 0.0045 6.26
2008060403 0.0034 6.50
2008060404 0.0032 6.86
2008060405 0.004 6.86
2008060406 0.0073 6.65
2008060407 0.0123 6.57
2008060408 0.0153 6.54
2008060409 0.0185 6.16
2008060410 0.0255 7.17
2008060411 0.0297 8.82
2008060412 0.0297 6.50
2008060413 0.0261 4.86
2008060414 0.0118 6.42
2008060415 0.0117 6.80
2008060416 0.021 3.42
2008060417 0.0079 4.26
2008060418 0.0055 8.13
2008060419 0.0033 5.74
2008060420 0.0018 6.42
2008060421 0.0025 6.46
2008060422 0.0021 4.52
2008060423 0.0016 5.43
2008060424 0.0008 5.51
2008060501 0 5.62
2008060502 0 6.92
2008060503 0 6.35
2008060504 0 6.35
2008060505 0 6.19
2008060506 0 6.22
2008060507 0 6.15
2008060508 0 6.11
2008060509 0 6.44
2008060510 0 8.20
2008060511 0 6.04
2008060512 0 6.19
2008060513 0 3.42
2008060514 0 5.86
2008060515 0 3.50
2008060516 0 3.40
2008060517 0 4.09
2008060518 0 5.31
2008060519 0 8.45
2008060520 0 6.02
2008060521 0 3.95
2008060522 0 4.77
2008060523 0 4.66
2008060524 0 5.64
2008060601 0 6.05
2008060602 0 6.69
2008060603 0 6.32
2008060604 0.3 5.92
2008060605 0 6.15
2008060606 1 6.15
2008060607 1.4 6.32
2008060608 2.4 6.62
2008060609 2.8 7.09
2008060610 1.6 8.65
2008060611 1.7 8.44
2008060612 2.5 9.45
2008060613 1 8.70
2008060614 0.2 12.11
2008060615 2.2 12.58
2008060616 2.2 13.78
2008060617 0.2 13.89
2008060618 0 14.28
2008060619 0 14.14
2008060620 0.5 12.28
2008060621 0.3 9.19
2008060622 1.3 8.93
2008060623 0.3 10.91
2008060624 0.8 10.64
2008060701 0 10.43
2008060702 0 9.53
2008060703 0 10.11
2008060704 0 9.23
2008060705 0 8.43
2008060706 0 8.60
2008060707 0 8.60
2008060708 0 8.60
2008060709 0.1 7.55
2008060710 0.1 8.07
2008060711 0.1 10.03
2008060712 0.1 8.48
2008060713 0 5.02
2008060714 0 5.56
2008060715 0.1 7.80
2008060716 0 7.61
2008060717 0 9.52
2008060718 0 7.54
2008060719 0 8.20
2008060720 0 7.67
2008060721 0 4.51
2008060722 0 4.92
2008060723 0 6.11
2008060724 0 6.11
2008060801 0.1 7.49
2008060802 0 7.64
2008060803 0 7.03
2008060804 0 6.99
2008060805 0 6.81
2008060806 0 6.99
2008060807 0 7.17
2008060808 0 6.62
2008060809 0 7.54
2008060810 0.1 8.38
2008060811 0.2 4.28
2008060812 0 5.45
2008060813 0 6.51
2008060814 0 10.14
2008060815 0 6.70
2008060816 0 6.62
2008060817 0 4.72
2008060818 0 5.53
2008060819 0 6.77
2008060820 0 7.43
2008060821 0 3.99
2008060822 0 4.33
2008060823 0 5.67
2008060824 0 5.67
2008060901 0 7.11
2008060902 0 7.00
2008060903 0 6.32
2008060904 0 6.20
2008060905 0 6.42
2008060906 0 6.58
2008060907 0 6.29
2008060908 0 6.68
2008060909 0 7.93
2008060910 0 6.90
2008060911 0 6.92
2008060912 0 5.46
2008060913 0 5.67
2008060914 0 6.21
2008060915 0 6.49
2008060916 0 3.27
2008060917 0 4.48
2008060918 0 5.81
2008060919 0 6.62
2008060920 0 6.70
2008060921 0 4.72
2008060922 0 3.88
2008060923 0 5.22
2008060924 0 5.38
2008061001 0 6.57
2008061002 0 6.62
2008061003 0 6.13
2008061004 0 6.17
2008061005 0 6.26
2008061006 0 6.04
2008061007 0 6.00
2008061008 0 6.04
2008061009 0 6.66
2008061010 0 6.62
2008061011 0 3.57
2008061012 0 4.50
2008061013 0 4.19
2008061014 0 8.20
2008061015 0 6.17
2008061016 0 5.91
2008061017 0 6.22
2008061018 0 5.72
2008061019 0 2.69
2008061020 0 5.69
2008061021 0 6.21
2008061022 0 5.64
2008061023 0 3.64
2008061024 0 4.98
2008061101 0 5.34
2008061102 0 5.03
2008061103 0 6.00
2008061104 0 5.64
2008061105 0.1 5.60
2008061106 0 5.85
2008061107 0 6.26
2008061108 0 5.77
2008061109 0 6.54
2008061110 0 5.66
2008061111 0 6.09
2008061112 0 5.62
2008061113 0 3.52
2008061114 0 6.53
2008061115 0 5.52
2008061116 0 6.12
2008061117 0 1.92
2008061118 0 3.60
2008061119 0 3.41
2008061120 0 6.97
2008061121 0 6.42
2008061122 0 5.58
2008061123 0 3.46
2008061124 0 4.00
2008061201 0 4.49
2008061202 0 5.53
2008061203 0 5.61
2008061204 0 5.61
2008061205 0 5.61
2008061206 0 5.41
2008061207 0 5.68
2008061208 0 5.57
2008061209 0 6.84
2008061210 0 5.53
2008061211 0 5.72
2008061212 0 5.80
2008061213 0 2.69
2008061214 0 5.11
2008061215 0 5.41
2008061216 0 4.99
2008061217 0 5.45
2008061218 0 2.50
2008061219 0 2.69
2008061220 0 7.49
2008061221 0 5.38
2008061222 0 5.53
2008061223 0 2.96
2008061224 0 3.30
2008061301 0 4.34
2008061302 0 5.26
2008061303 0 4.94
2008061304 0 5.39
2008061305 0 4.84
2008061306 0.1 5.18
2008061307 0.3 5.01
2008061308 1.5 6.59
2008061309 0 5.88
2008061310 0 5.07
2008061311 0 6.22
2008061312 0 5.58
2008061313 0.3 2.02
2008061314 0 6.45
2008061315 0 5.75
2008061316 0 5.64
2008061317 0.6 5.79
2008061318 0.1 0.75
2008061319 0 2.77
2008061320 0 5.36
2008061321 0 5.50
2008061322 0 5.54
2008061323 0 2.80
2008061324 0 3.91
2008061401 0 4.94
2008061402 0 5.21
2008061403 0 5.32
2008061404 0 5.32
2008061405 0 5.21
2008061406 0 5.18
2008061407 0 5.21
2008061408 0 5.21
2008061409 0 7.31
2008061410 0 5.08
2008061411 0 5.21
2008061412 0 5.11
2008061413 0 5.18
2008061414 0 4.72
2008061415 0 2.40
2008061416 0 2.61
2008061417 0 2.71
2008061418 0 3.91
2008061419 0 4.63
2008061420 0 7.07
2008061421 0 5.52
2008061422 0 2.33
2008061423 0 3.05
2008061424 0 4.36
2008061501 0 5.01
2008061502 0 5.18
2008061503 0 5.01
2008061504 0 4.85
2008061505 0 4.95
2008061506 0 4.95
2008061507 0 5.05
2008061508 0 5.15
2008061509 0 5.08
2008061510 0 4.22
2008061511 0 2.36
2008061512 0 2.59
2008061513 0 2.98
2008061514 0 5.18
2008061515 0 5.21
2008061516 0 4.97
2008061517 0 2.42
2008061518 0 1.36
2008061519 0 1.36
2008061520 0 1.36
2008061521 0.6 1.36
2008061522 1.2 1.36
2008061523 1 1.36
2008061524 0 1.36
2008061601 0 1.36
2008061602 0.2 0.18
2008061603 0.1 0.11
2008061604 0 1.27
2008061605 0 5.28
2008061606 0 5.32
2008061607 0 5.32
2008061608 0.7 5.18
2008061609 0 7.61
2008061610 0.2 5.11
2008061611 0.3 4.29
2008061612 0 0.27
2008061613 0 2.71
2008061614 0.1 3.09
2008061615 0 3.09
2008061616 0 5.32
2008061617 0 4.84
2008061618 0 5.25
2008061619 0.2 5.01
2008061620 0 8.20
2008061621 0 0.66
2008061622 0 2.82
2008061623 0 3.20
2008061624 0 4.75
2008061701 0 5.40
2008061702 0 4.61
2008061703 0 5.89
2008061704 0 4.73
2008061705 0 4.09
2008061706 0 4.58
2008061707 0 4.76
2008061708 0 4.70
2008061709 0 5.92
2008061710 0 8.24
2008061711 0 7.84
2008061712 0 5.22
2008061713 0 2.20
2008061714 0 2.41
2008061715 0 2.53
2008061716 0 2.78
2008061717 0 4.73
2008061718 0 4.21
2008061719 0 5.49
2008061720 0 6.27
2008061721 0 0.98
2008061722 0 1.61
2008061723 0 3.08
2008061724 0 3.22
2008061801 0 4.19
2008061802 0 4.45
2008061803 0 5.07
2008061804 0 4.45
2008061805 0 4.69
2008061806 0 4.34
2008061807 0 4.51
2008061808 0 3.57
2008061809 0 4.16
2008061810 0 9.79
2008061811 0 12.89
2008061812 0 5.24
2008061813 0 0.23
2008061814 0 1.32
2008061815 0 3.32
2008061816 0 3.80
2008061817 0 4.20
2008061818 0 4.64
2008061819 0 7.38
2008061820 0 3.49
2008061821 0 1.55
2008061822 0 1.85
2008061823 0 3.02
2008061824 0 5.36
2008061901 0 4.28
2008061902 0 4.45
2008061903 0 4.45
2008061904 0 4.31
2008061905 0 4.42
2008061906 0 4.45
2008061907 0 4.60
2008061908 0 4.31
2008061909 0 4.31
2008061910 0 6.97
2008061911 0 10.72
2008061912 0 13.68
2008061913 0 14.94
2008061914 0 13.21
2008061915 0 4.19
2008061916 0 5.98
2008061917 2.9 4.69
2008061918 8.9 4.75
2008061919 2.4 8.31
2008061920 0.3 10.42
2008061921 0.2 8.74
2008061922 0.4 6.75
2008061923 0 8.66
2008061924 0.3 9.96
2008062001 0 8.29
2008062002 0.1 7.13
2008062003 0 6.92
2008062004 0 6.61
2008062005 0 5.91
2008062006 0.8 5.62
2008062007 0.3 5.64
2008062008 0.2 5.28
2008062009 0 5.02
2008062010 0.1 4.56
2008062011 0 4.80
2008062012 0 7.71
2008062013 0 1.99
2008062014 0 7.62
2008062015 0 4.96
2008062016 0 1.11
2008062017 0 2.88
2008062018 0 2.91
2008062019 0 5.40
2008062020 0 6.89
2008062021 0 5.03
2008062022 0 2.50
2008062023 0 3.39
2008062024 0 4.00
2008062101 0 5.46
2008062102 0 4.76
2008062103 0 4.51
2008062104 0 4.58
2008062105 0 4.60
2008062106 0 4.66
2008062107 0 4.66
2008062108 0 4.40
2008062109 0 3.46
2008062110 0.1 4.04
2008062111 0 4.10
2008062112 0 4.16
2008062113 0 4.88
2008062114 0 6.71
2008062115 0 4.89
2008062116 0 1.11
2008062117 0 1.58
2008062118 0 2.61
2008062119 0 3.49
2008062120 0 7.75
2008062121 0 3.31
2008062122 0 1.23
2008062123 0 2.95
2008062124 0 3.38
2008062201 0 4.61
2008062202 0 4.34
2008062203 0 4.31
2008062204 0 4.53
2008062205 0 4.64
2008062206 0 4.50
2008062207 0 4.50
2008062208 0 4.66
2008062209 0 3.83
2008062210 0 3.38
2008062211 0 3.32
2008062212 0 4.07
2008062213 0 4.88
2008062214 0 4.80
2008062215 0 3.54
2008062216 0 2.30
2008062217 0 1.47
2008062218 0 2.40
2008062219 0 3.62
2008062220 0 6.04
2008062221 0 1.73
2008062222 0 2.01
2008062223 0 2.68
2008062224 0 2.94
2008062301 0 5.03
2008062302 0 4.08
2008062303 0 4.18
2008062304 0 4.31
2008062305 0 4.02
2008062306 0 4.02
2008062307 0 3.90
2008062308 0 3.72
2008062309 0 4.39
2008062310 0 3.87
2008062311 0 1.24
2008062312 0 1.24
2008062313 0 1.24
2008062314 0 1.24
2008062315 0 1.24
2008062316 0 1.24
2008062317 0 1.24
2008062318 0 1.24
2008062319 0 1.24
2008062320 0 1.24
2008062321 0 1.24
2008062322 0 1.24
2008062323 0 1.24
2008062324 0 1.24
2008062401 0 1.24
2008062402 0 1.24
2008062403 0 1.24
2008062404 0 1.24
2008062405 0 1.24
2008062406 0 0.05
2008062407 0 0.15
2008062408 0 3.90
2008062409 0 4.05
2008062410 0 3.31
2008062411 0 3.31
2008062412 0 3.31
2008062413 0 3.31
2008062414 0 3.31
2008062415 0 3.31
2008062416 0 3.31
2008062417 0 3.31
2008062418 0 3.31
2008062419 0 3.31
2008062420 0 3.31
2008062421 0 3.31
2008062422 0 3.31
2008062423 0 3.31
2008062424 0 3.31
2008062501 0 3.31
2008062502 0 3.31
2008062503 0 3.31
2008062504 0 3.31
2008062505 0 3.31
2008062506 0 3.31
2008062507 0 3.31
2008062508 0 3.31
2008062509 0 3.31
2008062510 0 3.31
2008062511 0 3.31
2008062512 0 3.31
2008062513 0 3.31
2008062514 0 3.31
2008062515 0 3.31
2008062516 0 1.32
2008062517 0 1.57
2008062518 0 1.70
2008062519 0 2.22
2008062520 0 3.06
2008062521 0 4.15
2008062522 0 3.95
2008062523 0 4.27
2008062524 0 4.50
2008062601 0 3.61
2008062602 0 4.12
2008062603 0 4.17
2008062604 0 3.21
2008062605 0 4.08
2008062606 0 3.98
2008062607 0 3.56
2008062608 0 2.79
2008062609 0 3.19
2008062610 0 3.19
2008062611 0 3.19
2008062612 0 3.19
2008062613 0 3.19
2008062614 0 3.19
2008062615 0 3.19
2008062616 0 1.75
2008062617 0 0.86
2008062618 0 1.36
2008062619 0 1.65
2008062620 0 2.72
2008062621 0 3.90
2008062622 0 3.75
2008062623 0 4.05
2008062624 0 4.63
2008062701 0 3.83
2008062702 0 3.58
2008062703 0 4.03
2008062704 0 2.92
2008062705 0 3.48
2008062706 0 4.19
2008062707 0 2.71
2008062708 0 3.50
2008062709 0 2.95
2008062710 0 2.96
2008062711 0 3.04
2008062712 0 2.69
2008062713 0 4.08
2008062714 0 8.92
2008062715 0 4.15
2008062716 0 3.65
2008062717 0 1.04
2008062718 0 1.58
2008062719 0 1.85
2008062720 0 1.85
2008062721 0 2.88
2008062722 0 3.46
2008062723 0 4.13
2008062724 0 4.80
2008062801 0 2.69
2008062802 0 3.10
2008062803 0 3.50
2008062804 0 4.13
2008062805 0 3.34
2008062806 0 3.94
2008062807 0 3.65
2008062808 0 3.41
2008062809 0 2.98
2008062810 0 2.95
2008062811 0 3.10
2008062812 0 2.88
2008062813 0 2.50
2008062814 0 5.40
2008062815 0 4.46
2008062816 0 3.29
2008062817 0 0.93
2008062818 0 1.37
2008062819 0 1.70
2008062820 0 1.85
2008062821 0 2.50
2008062822 0 3.41
2008062823 0 3.28
2008062824 0 3.22
2008062901 0 3.84
2008062902 0 4.06
2008062903 0 4.58
2008062904 0 3.89
2008062905 0 3.47
2008062906 0 3.49
2008062907 0 3.67
2008062908 0 3.86
2008062909 0 3.17
2008062910 0 3.05
2008062911 0 3.00
2008062912 0 6.12
2008062913 0 4.80
2008062914 0 4.01
2008062915 0 3.82
2008062916 0 1.32
2008062917 0 0.82
2008062918 0 1.22
2008062919 0 1.92
2008062920 0 1.99
2008062921 0 3.72
2008062922 0 3.62
2008062923 0 3.83
2008062924 0 4.25
2008063001 0 3.29
2008063002 0 3.44
2008063003 0 4.03
2008063004 0 3.58
2008063005 0 3.23
2008063006 0 3.33
2008063007 0 4.01
2008063008 0 3.67
2008063009 0 2.59
2008063010 0 2.47
2008063011 0 2.66
2008063012 0 2.76
2008063013 0 2.78
2008063014 0 6.43
2008063015 0 4.06
2008063016 0 3.48
2008063017 0 0.89
2008063018 0 0.60
2008063019 0 1.09
2008063020 0 1.78
2008063021 0 3.03
2008063022 0 3.60
2008063023 0 3.88
2008063024 0 4.16
