2011030101 0.0417 1.86
2011030102 0.0417 2.00
2011030103 0.0417 2.00
2011030104 0.0417 1.96
2011030105 0.0417 1.96
2011030106 0.0417 1.78
2011030107 0.0417 1.78
2011030108 0.0417 1.78
2011030109 0.0417 1.72
2011030110 0.0417 1.72
2011030111 0.0417 2.04
2011030112 0.0417 2.26
2011030113 0.0417 2.26
2011030114 0.0417 2.35
2011030115 0.0417 2.41
2011030116 0.0417 1.98
2011030117 0.0417 1.98
2011030118 0.0417 1.63
2011030119 0.0417 1.63
2011030120 0.0417 1.72
2011030121 0.0417 1.72
2011030122 0.0417 1.82
2011030123 0.0417 1.91
2011030124 0.0417 1.91
2011030201 0.0417 1.84
2011030202 0.0417 1.84
2011030203 0.0417 1.88
2011030204 0.0417 1.88
2011030205 0.0417 1.87
2011030206 0.0417 1.90
2011030207 0.0417 1.90
2011030208 0.0417 1.89
2011030209 0.0417 1.89
2011030210 0.0417 2.01
2011030211 0.0417 2.01
2011030212 0.0417 2.09
2011030213 0.0417 2.09
2011030214 0.0417 1.92
2011030215 0.0417 1.74
2011030216 0.0417 1.74
2011030217 0.0417 1.79
2011030218 0.0417 1.79
2011030219 0.0417 1.83
2011030220 0.0417 1.83
2011030221 0.0417 1.87
2011030222 0.0417 1.87
2011030223 0.0417 1.89
2011030224 0.0417 1.93
2011030301 0.0417 1.93
2011030302 0.0417 1.90
2011030303 0.0417 1.90
2011030304 0.0417 1.80
2011030305 0.0417 1.80
2011030306 0.0417 1.70
2011030307 0.0417 1.70
2011030308 0.0417 1.62
2011030309 0.0417 1.59
2011030310 0.0417 1.59
2011030311 0.0417 1.59
2011030312 0.0417 1.74
2011030313 0.0417 1.95
2011030314 0.0417 1.95
2011030315 0.0417 2.25
2011030316 0.0417 2.67
2011030317 0.0417 2.67
2011030318 0.0417 2.60
2011030319 0.0417 2.60
2011030320 0.0417 2.29
2011030321 0.0417 2.36
2011030322 0.0417 2.27
2011030323 0.0417 2.07
2011030324 0.0417 2.07
2011030401 0.0417 1.89
2011030402 0.0417 1.81
2011030403 0.0417 1.81
2011030404 0.0417 2.01
2011030405 0.0417 2.01
2011030406 0.0417 1.99
2011030407 0.0417 1.99
2011030408 0.0417 1.96
2011030409 0.0417 1.96
2011030410 0.0417 2.02
2011030411 0.0417 2.02
2011030412 0.0417 2.09
2011030413 0.0417 2.09
2011030414 0.0417 2.20
2011030415 0.0417 2.20
2011030416 0.0417 2.05
2011030417 0.0417 2.03
2011030418 0.0417 2.03
2011030419 0.0417 2.20
2011030420 0.0417 2.34
2011030421 0.0417 2.34
2011030422 0.0417 2.24
2011030423 0.0417 2.12
2011030424 0.0417 2.12
2011030501 0.0417 1.73
2011030502 0.0417 1.73
2011030503 0.0417 1.49
2011030504 0.0417 1.49
2011030505 0.0417 1.55
2011030506 0.0417 1.55
2011030507 0.0417 1.66
2011030508 0.0417 1.66
2011030509 0.0417 1.75
2011030510 0.0417 1.75
2011030511 0.0417 1.80
2011030512 0.0417 1.84
2011030513 0.0417 1.84
2011030514 0.0417 1.80
2011030515 0.0417 1.80
2011030516 0.0417 1.82
2011030517 0.0417 1.82
2011030518 0.0417 1.79
2011030519 0.0417 1.88
2011030520 0.0417 1.88
2011030521 0.0417 1.88
2011030522 0.0417 1.83
2011030523 0.0417 1.83
2011030524 0.0417 1.89
2011030601 0.0417 1.89
2011030602 0.0417 1.92
2011030603 0.0417 1.92
2011030604 0.0417 1.81
2011030605 0.0417 1.81
2011030606 0.0417 1.78
2011030607 0.0417 1.78
2011030608 0.0417 1.81
2011030609 0.0417 1.86
2011030610 0.0417 1.86
2011030611 0.0417 1.85
2011030612 0.0417 1.85
2011030613 0.0417 1.96
2011030614 0.0417 1.96
2011030615 0.0417 1.96
2011030616 0.0417 1.96
2011030617 0.0417 1.82
2011030618 0.0417 1.82
2011030619 0.0417 1.81
2011030620 0.0417 1.82
2011030621 0.0417 1.82
2011030622 0.0417 1.71
2011030623 0.0417 1.71
2011030624 0.0417 1.75
2011030701 0.0417 1.75
2011030702 0.0417 1.75
2011030703 0.0417 1.75
2011030704 0.0417 1.81
2011030705 0.0417 1.81
2011030706 0.0417 1.85
2011030707 0.0417 1.85
2011030708 0.0417 1.83
2011030709 0.0417 1.83
2011030710 0.0417 1.87
2011030711 0.0417 1.87
2011030712 0.0417 1.89
2011030713 0.0417 1.85
2011030714 0.0417 1.85
2011030715 0.0417 1.71
2011030716 0.0417 1.71
2011030717 0.0417 1.76
2011030718 0.0417 1.76
2011030719 0.0417 1.77
2011030720 0.0417 1.77
2011030721 0.0417 1.67
2011030722 0.0417 1.67
2011030723 0.0417 1.72
2011030724 0.0417 1.72
2011030801 0.0417 1.85
2011030802 0.0417 1.85
2011030803 0.0417 1.86
2011030804 0.0417 1.86
2011030805 0.0417 1.68
2011030806 0.0417 1.68
2011030807 0.0417 1.62
2011030808 0.0417 1.46
2011030809 0.0417 1.46
2011030810 0.0417 1.48
2011030811 0.0417 1.48
2011030812 0.0417 1.79
2011030813 0.0417 1.79
2011030814 0.0417 2.42
2011030815 0.0417 2.20
2011030816 0.0417 2.20
2011030817 0.0417 2.46
2011030818 0.0417 2.46
2011030819 0.0417 2.38
2011030820 0.0417 2.02
2011030821 0.0417 2.02
2011030822 0.0417 1.70
2011030823 0.0417 1.70
2011030824 0.0417 1.60
2011030901 0.0417 1.60
2011030902 0.0417 1.67
2011030903 0.0417 1.67
2011030904 0.0417 1.76
2011030905 0.0417 1.76
2011030906 0.0417 1.78
2011030907 0.0417 1.85
2011030908 0.0417 1.85
2011030909 0.0417 1.94
2011030910 0.0417 1.94
2011030911 0.0417 1.96
2011030912 0.0417 1.96
2011030913 0.0417 1.80
2011030914 0.0417 1.81
2011030915 0.0417 1.81
2011030916 0.0417 1.63
2011030917 0.0417 1.50
2011030918 0.0417 1.38
2011030919 0.0417 1.28
2011030920 0.0417 1.19
2011030921 0.0417 1.11
2011030922 0.0417 1.07
2011030923 0.0417 1.07
2011030924 0.0417 1.07
2011031001 0.0417 1.07
2011031002 0.0417 0.91
2011031003 0.0417 0.88
2011031004 0.0417 0.88
2011031005 0.0417 0.88
2011031006 0.0417 0.84
2011031007 0.0417 0.84
2011031008 0.0417 0.85
2011031009 0.0417 0.85
2011031010 0.0417 0.90
2011031011 0.0417 0.90
2011031012 0.0417 1.31
2011031013 0.0417 1.31
2011031014 0.0417 1.80
2011031015 0.0417 1.80
2011031016 0.0417 1.96
2011031017 0.0417 1.96
2011031018 0.0417 1.75
2011031019 0.0417 1.75
2011031020 0.0417 1.63
2011031021 0.0417 1.63
2011031022 0.0417 1.63
2011031023 0.0417 1.63
2011031024 0.0417 1.62
2011031101 0.0417 1.62
2011031102 0.0417 1.70
2011031103 0.0417 1.70
2011031104 0.0417 1.72
2011031105 0.0417 1.72
2011031106 0.0417 1.71
2011031107 0.0417 1.71
2011031108 0.0417 1.74
2011031109 0.0417 1.74
2011031110 0.0417 1.74
2011031111 0.0417 1.74
2011031112 0.0417 1.75
2011031113 0.0417 1.70
2011031114 0.0417 1.70
2011031115 0.0417 1.70
2011031116 0.0417 1.74
2011031117 0.0417 1.74
2011031118 0.0417 1.69
2011031119 0.0417 1.69
2011031120 0.0417 1.72
2011031121 0.0417 1.72
2011031122 0.0417 1.78
2011031123 0.0417 1.74
2011031124 0.0417 1.74
2011031201 0.0417 1.81
2011031202 0.0417 1.81
2011031203 0.0417 1.99
2011031204 0.0417 2.03
2011031205 0.0417 2.03
2011031206 0.0417 2.05
2011031207 0.0417 2.05
2011031208 0.0417 2.07
2011031209 0.0417 2.07
2011031210 0.0417 2.09
2011031211 0.0417 2.01
2011031212 0.0417 2.14
2011031213 0.0417 2.14
2011031214 0.0417 1.91
2011031215 0.0417 1.81
2011031216 0.0417 1.81
2011031217 0.0417 1.61
2011031218 0.0417 1.48
2011031219 0.0417 1.36
2011031220 0.0417 1.33
2011031221 0.0417 1.33
2011031222 0.0417 1.29
2011031223 0.0417 1.30
2011031224 0.0417 1.30
2011031301 0.0417 1.31
2011031302 0.0417 1.52
2011031303 0.0417 1.52
2011031304 0.0417 2.25
2011031305 0.0417 2.33
2011031306 0.0417 2.33
2011031307 0.0417 2.21
2011031308 0.0417 2.21
2011031309 0.0417 2.22
2011031310 0.0417 2.22
2011031311 0.0417 2.11
2011031312 0.0417 2.02
2011031313 0.0417 1.85
2011031314 0.0417 1.85
2011031315 0.0424 2.00
2011031316 0.0453 2.00
2011031317 0.0479 2.00
2011031318 0.0474 1.83
2011031319 0.047 1.83
2011031320 0.0466 1.83
2011031321 0.0463 1.99
2011031322 0.0459 1.99
2011031323 0.0456 1.96
2011031324 0.0453 1.82
2011031401 0.0455 1.96
2011031402 0.0452 1.96
2011031403 0.0449 2.02
2011031404 0.0446 2.32
2011031405 0.0444 2.32
2011031406 0.0442 2.38
2011031407 0.044 2.40
2011031408 0.0438 2.40
2011031409 0.0437 2.15
2011031410 0.0435 2.20
2011031411 0.0434 2.19
2011031412 0.0433 2.92
2011031413 0.0431 2.03
2011031414 0.043 4.26
2011031415 0.0429 0.20
2011031416 0.0429 0.00
2011031417 0.0428 0.00
2011031418 0.0427 0.00
2011031419 0.0426 0.37
2011031420 0.0426 0.39
2011031421 0.0425 1.41
2011031422 0.0425 1.41
2011031423 0.0424 1.87
2011031424 0.0424 1.87
2011031501 0.0423 2.01
2011031502 0.0423 1.90
2011031503 0.0423 1.90
2011031504 0.0422 1.97
2011031505 0.0422 1.97
2011031506 0.0422 2.00
2011031507 0.0421 2.04
2011031508 0.0421 2.15
2011031509 0.0421 2.34
2011031510 0.0421 2.32
2011031511 0.0421 2.70
2011031512 0.042 2.71
2011031513 0.042 0.00
2011031514 0.042 2.82
2011031515 0.042 2.68
2011031516 0.042 2.84
2011031517 0.042 2.23
2011031518 0.0419 2.23
2011031519 0.0419 2.47
2011031520 0.0419 1.78
2011031521 0.0419 1.78
2011031522 0.0419 2.05
2011031523 0.0419 2.05
2011031524 0.0419 1.98
2011031601 0.0419 1.91
2011031602 0.0419 1.91
2011031603 0.0419 1.97
2011031604 0.0418 1.97
2011031605 0.0418 1.92
2011031606 0.0418 1.95
2011031607 0.0418 1.95
2011031608 0.0418 1.99
2011031609 0.0418 1.99
2011031610 0.0418 2.21
2011031611 0.0418 2.36
2011031612 0.0418 3.29
2011031613 0.0418 0.20
2011031614 0.0418 2.34
2011031615 0.0419 1.57
2011031616 0.0419 3.35
2011031617 0.0419 1.20
2011031618 0.0419 1.20
2011031619 0.0419 1.72
2011031620 0.0419 1.97
2011031621 0.0419 1.97
2011031622 0.0419 1.95
2011031623 0.0419 2.05
2011031624 0.0418 2.05
2011031701 0.0418 2.21
2011031702 0.0418 2.21
2011031703 0.0418 2.23
2011031704 0.0418 2.01
2011031705 0.0418 2.01
2011031706 0.0418 2.01
2011031707 0.0418 1.87
2011031708 0.0418 1.87
2011031709 0.0418 2.17
2011031710 0.0418 2.53
2011031711 0.0418 3.00
2011031712 0.0418 1.26
2011031713 0.0418 1.26
2011031714 0.0418 1.01
2011031715 0.0418 1.54
2011031716 0.0418 1.54
2011031717 0.0418 1.75
2011031718 0.0418 2.54
2011031719 0.0418 3.40
2011031720 0.0418 4.07
2011031721 0.0418 3.02
2011031722 0.0418 3.12
2011031723 0.0417 2.62
2011031724 0.0417 2.38
2011031801 0.0417 2.07
2011031802 0.0417 3.05
2011031803 0.0417 2.81
2011031804 0.0417 3.15
2011031805 0.0417 2.80
2011031806 0.0417 2.31
2011031807 0.0417 1.66
2011031808 0.0417 1.66
2011031809 0.0417 1.94
2011031810 0.0417 3.07
2011031811 0.0417 3.66
2011031812 0.0417 1.73
2011031813 0.0417 1.73
2011031814 0.0417 2.15
2011031815 0.0417 2.33
2011031816 0.0417 2.77
2011031817 0.0417 2.75
2011031818 0.0417 2.37
2011031819 0.0417 2.20
2011031820 0.0417 1.75
2011031821 0.0417 2.06
2011031822 0.0417 2.06
2011031823 0.0417 2.11
2011031824 0.0417 3.01
2011031901 0.0417 1.25
2011031902 0.0417 3.74
2011031903 0.0417 5.21
2011031904 0.0417 0.00
2011031905 0.0417 5.50
2011031906 0.0417 0.00
2011031907 0.0417 1.01
2011031908 0.0417 1.56
2011031909 0.0417 3.12
2011031910 0.0417 2.07
2011031911 0.0417 2.03
2011031912 0.0417 0.00
2011031913 0.0417 3.68
2011031914 0.0417 0.35
2011031915 0.0421 0.35
2011031916 0.0471 1.72
2011031917 0.0521 1.86
2011031918 0.0516 2.22
2011031919 0.0511 2.82
2011031920 0.0506 0.00
2011031921 0.0501 2.50
2011031922 0.0497 3.52
2011031923 0.0493 1.44
2011031924 0.0489 0.00
2011032001 0.0491 2.19
2011032002 0.0487 2.60
2011032003 0.0483 1.83
2011032004 0.048 2.16
2011032005 0.0476 1.69
2011032006 0.0473 2.40
2011032007 0.047 2.45
2011032008 0.0467 2.17
2011032009 0.0465 2.64
2011032010 0.0462 2.76
2011032011 0.046 2.86
2011032012 0.0481 3.28
2011032013 0.0694 0.00
2011032014 0.0853 0.00
2011032015 0.0949 3.32
2011032016 0.1033 3.07
2011032017 0.1023 2.47
2011032018 0.0983 2.42
2011032019 0.0946 2.40
2011032020 0.0912 2.14
2011032021 0.0881 2.81
2011032022 0.0852 1.60
2011032023 0.0825 2.15
2011032024 0.0801 3.00
2011032101 0.0791 2.64
2011032102 0.0768 2.50
2011032103 0.0747 2.74
2011032104 0.0727 2.25
2011032105 0.0709 2.27
2011032106 0.0692 2.83
2011032107 0.0676 2.76
2011032108 0.0661 2.72
2011032109 0.0647 2.65
2011032110 0.0634 2.41
2011032111 0.0622 3.70
2011032112 0.0611 3.00
2011032113 0.06 2.41
2011032114 0.0625 2.93
2011032115 0.0744 2.76
2011032116 0.0816 2.25
2011032117 0.0791 2.76
2011032118 0.0768 2.35
2011032119 0.0747 2.99
2011032120 0.0727 3.46
2011032121 0.0709 2.34
2011032122 0.0692 1.07
2011032123 0.0676 2.72
2011032124 0.0661 2.60
2011032201 0.0635 1.76
2011032202 0.0623 2.88
2011032203 0.0613 2.44
2011032204 0.0603 3.01
2011032205 0.0593 2.82
2011032206 0.0584 2.69
2011032207 0.0576 2.84
2011032208 0.0568 2.20
2011032209 0.056 2.64
2011032210 0.0553 2.36
2011032211 0.0547 2.75
2011032212 0.054 2.04
2011032213 0.0534 3.31
2011032214 0.0528 2.37
2011032215 0.0523 4.83
2011032216 0.0519 0.97
2011032217 0.0521 0.00
2011032218 0.0516 3.02
2011032219 0.0511 4.43
2011032220 0.0507 0.00
2011032221 0.0503 2.51
2011032222 0.0499 1.36
2011032223 0.0495 1.99
2011032224 0.0491 2.16
2011032301 0.0488 2.40
2011032302 0.0485 2.55
2011032303 0.0482 2.51
2011032304 0.0479 2.35
2011032305 0.0476 0.00
2011032306 0.0473 0.00
2011032307 0.0471 2.58
2011032308 0.0468 0.00
2011032309 0.0466 3.36
2011032310 0.0464 3.14
2011032311 0.0462 0.00
2011032312 0.046 5.28
2011032313 0.0458 0.00
2011032314 0.0456 4.18
2011032315 0.0454 0.87
2011032316 0.0452 4.15
2011032317 0.0451 0.00
2011032318 0.0449 1.86
2011032319 0.0448 3.69
2011032320 0.0447 3.39
2011032321 0.0445 0.10
2011032322 0.0444 2.32
2011032323 0.0443 2.24
2011032324 0.0442 2.35
2011032401 0.0441 2.31
2011032402 0.044 0.00
2011032403 0.0439 2.43
2011032404 0.0438 2.31
2011032405 0.0437 2.31
2011032406 0.0436 2.49
2011032407 0.0436 1.77
2011032408 0.0435 1.84
2011032409 0.0434 1.80
2011032410 0.0433 0.00
2011032411 0.0432 2.51
2011032412 0.0432 2.92
2011032413 0.0431 2.25
2011032414 0.0431 5.11
2011032415 0.043 2.03
2011032416 0.0429 2.45
2011032417 0.0429 2.07
2011032418 0.0428 2.32
2011032419 0.0428 2.58
2011032420 0.0427 3.98
2011032421 0.0427 4.55
2011032422 0.0427 3.70
2011032423 0.0426 1.27
2011032424 0.0426 1.45
2011032501 0.0426 1.45
2011032502 0.0425 1.54
2011032503 0.0425 1.65
2011032504 0.0425 3.49
2011032505 0.0424 0.94
2011032506 0.0424 2.30
2011032507 0.0424 2.38
2011032508 0.0423 1.46
2011032509 0.0423 1.77
2011032510 0.0423 1.77
2011032511 0.0423 2.08
2011032512 0.0422 2.40
2011032513 0.0422 2.26
2011032514 0.0422 2.58
2011032515 0.0422 0.01
2011032516 0.0421 0.08
2011032517 0.0421 1.02
2011032518 0.0421 2.28
2011032519 0.0421 3.75
2011032520 0.0421 2.25
2011032521 0.0421 3.76
2011032522 0.042 0.00
2011032523 0.042 1.01
2011032524 0.042 3.86
2011032601 0.042 1.28
2011032602 0.042 4.30
2011032603 0.042 1.31
2011032604 0.042 4.53
2011032605 0.042 1.19
2011032606 0.0419 3.39
2011032607 0.0419 1.41
2011032608 0.0419 1.41
2011032609 0.0419 1.42
2011032610 0.0419 1.73
2011032611 0.0419 1.73
2011032612 0.0419 2.04
2011032613 0.0419 1.89
2011032614 0.0419 1.85
2011032615 0.0419 1.85
2011032616 0.0419 2.02
2011032617 0.0418 2.03
2011032618 0.0418 2.03
2011032619 0.0418 1.79
2011032620 0.0418 2.71
2011032621 0.0418 3.70
2011032622 0.0418 3.37
2011032623 0.0418 1.71
2011032624 0.0418 1.79
2011032701 0.0418 1.79
2011032702 0.0418 2.67
2011032703 0.0418 1.16
2011032704 0.0418 2.49
2011032705 0.0418 2.87
2011032706 0.0418 2.15
2011032707 0.0418 2.52
2011032708 0.0418 1.92
2011032709 0.0418 1.78
2011032710 0.0418 1.78
2011032711 0.0418 2.41
2011032712 0.0418 2.40
2011032713 0.0418 2.10
2011032714 0.0418 2.05
2011032715 0.0418 2.09
2011032716 0.0418 2.08
2011032717 0.0417 2.08
2011032718 0.0417 2.04
2011032719 0.0417 2.75
2011032720 0.0417 1.40
2011032721 0.0417 1.10
2011032722 0.0417 0.32
2011032723 0.0417 1.80
2011032724 0.0417 2.23
2011032801 0.0417 2.38
2011032802 0.0417 3.14
2011032803 0.0417 1.32
2011032804 0.0417 3.55
2011032805 0.0417 1.71
2011032806 0.0417 2.85
2011032807 0.0417 0.00
2011032808 0.0417 1.72
2011032809 0.0417 1.70
2011032810 0.0417 1.70
2011032811 0.0417 1.85
2011032812 0.0417 1.56
2011032813 0.0428 2.18
2011032814 0.0611 1.93
2011032815 0.0913 1.93
2011032816 0.1118 1.77
2011032817 0.113 1.92
2011032818 0.1092 1.82
2011032819 0.105 2.27
2011032820 0.1012 3.17
2011032821 0.0976 2.34
2011032822 0.0942 1.38
2011032823 0.0911 1.79
2011032824 0.0882 1.79
2011032901 0.0871 1.94
2011032902 0.0844 3.77
2011032903 0.0818 3.34
2011032904 0.0795 1.31
2011032905 0.0773 1.41
2011032906 0.0753 3.56
2011032907 0.0733 2.65
2011032908 0.0716 0.49
2011032909 0.0699 1.21
2011032910 0.0683 1.63
2011032911 0.0669 1.63
2011032912 0.075 1.62
2011032913 0.1402 1.85
2011032914 0.2233 2.10
2011032915 0.3196 2.10
2011032916 0.3346 2.31
2011032917 0.3503 2.18
2011032918 0.3372 2.18
2011032919 0.3197 2.39
2011032920 0.3035 3.08
2011032921 0.2883 2.78
2011032922 0.2742 1.77
2011032923 0.261 1.81
2011032924 0.2487 2.61
2011033001 0.2425 1.86
2011033002 0.2309 1.64
2011033003 0.2201 3.22
2011033004 0.2101 3.01
2011033005 0.2006 3.25
2011033006 0.1918 2.88
2011033007 0.1836 1.74
2011033008 0.1758 2.02
2011033009 0.1685 2.07
2011033010 0.1617 1.78
2011033011 0.1553 1.78
2011033012 0.1493 2.15
2011033013 0.1744 2.25
2011033014 0.2971 2.16
2011033015 0.3074 2.16
2011033016 0.3396 2.13
2011033017 0.3361 2.17
2011033018 0.3312 2.20
2011033019 0.3141 2.93
2011033020 0.2982 4.10
2011033021 0.2834 0.52
2011033022 0.2696 1.38
2011033023 0.2567 1.77
2011033024 0.2447 2.23
2011033101 0.2402 2.27
2011033102 0.2288 2.87
2011033103 0.2181 2.77
2011033104 0.2082 2.32
2011033105 0.1988 1.68
2011033106 0.1901 2.74
2011033107 0.1819 2.29
2011033108 0.1743 2.20
2011033109 0.1671 2.20
2011033110 0.1603 1.95
2011033111 0.2561 2.22
2011033112 0.148 2.17
2011033113 0.1473 2.17
2011033114 0.2759 2.26
2011033115 0.1959 2.15
2011033116 0.1791 2.44
2011033117 0.1815 2.40
2011033118 0.1806 2.61
2011033119 0.1723 2.32
2011033120 0.1645 5.50
2011033121 0.1573 1.02
2011033122 0.1506 1.83
2011033123 0.1444 2.10
2011033124 0.1385 2.76
2011040101 0.1356 2.80
2011040102 0.1302 2.67
2011040103 0.1252 2.91
2011040104 0.1205 2.95
2011040105 0.1161 3.20
2011040106 0.112 2.63
2011040107 0.1081 2.77
2011040108 0.1045 3.19
2011040109 0.1011 2.70
2011040110 0.1014 2.52
2011040111 0.1772 2.34
2011040112 0.3789 2.34
2011040113 0.3053 2.54
2011040114 0.3592 2.46
2011040115 0.4994 2.64
2011040116 0.4927 2.79
2011040117 0.501 3.00
2011040118 0.4801 4.03
2011040119 0.4519 0.00
2011040120 0.4259 3.22
2011040121 0.4018 3.85
2011040122 0.3796 3.20
2011040123 0.359 3.60
2011040124 0.3399 4.07
2011040201 0.2975 3.64
2011040202 0.2844 3.14
2011040203 0.2721 3.66
2011040204 0.2604 3.61
2011040205 0.2493 3.34
2011040206 0.2389 3.16
2011040207 0.229 3.41
2011040208 0.2196 3.54
2011040209 0.2107 3.61
2011040210 0.2023 6.02
2011040211 0.1944 2.62
2011040212 0.1868 2.34
2011040213 0.1797 2.30
2011040214 0.1729 2.88
2011040215 0.1665 2.94
2011040216 0.1604 2.80
2011040217 0.1546 2.83
2011040218 0.1492 2.73
2011040219 0.144 3.96
2011040220 0.139 2.72
2011040221 0.1343 2.23
2011040222 0.1299 3.83
2011040223 0.1257 2.36
2011040224 0.1217 2.00
2011040301 0.1177 2.78
2011040302 0.1141 3.14
2011040303 0.1106 2.74
2011040304 0.1074 2.86
2011040305 0.1043 2.81
2011040306 0.1013 3.07
2011040307 0.0985 3.13
2011040308 0.0958 2.38
2011040309 0.0933 3.46
2011040310 0.0909 2.25
2011040311 0.0886 2.25
2011040312 0.0864 2.62
2011040313 0.0843 0.47
2011040314 0.0824 0.00
2011040315 0.0849 0.81
2011040316 0.0835 0.94
2011040317 0.0815 2.46
2011040318 0.0796 2.48
2011040319 0.0778 1.23
2011040320 0.076 1.36
2011040321 0.0744 4.65
2011040322 0.0728 1.91
2011040323 0.0714 2.49
2011040324 0.07 2.67
2011040401 0.0686 2.73
2011040402 0.0673 2.82
2011040403 0.0661 0.00
2011040404 0.065 3.86
2011040405 0.0639 3.71
2011040406 0.0628 1.82
2011040407 0.0619 1.87
2011040408 0.0609 1.70
2011040409 0.06 2.02
2011040410 0.0592 0.13
2011040411 0.0584 2.96
2011040412 0.0576 3.72
2011040413 0.0569 0.30
2011040414 0.062 2.85
2011040415 0.08 2.04
2011040416 0.0931 0.00
2011040417 0.1021 0.90
2011040418 0.0984 0.90
2011040419 0.0949 0.90
2011040420 0.0917 1.24
2011040421 0.0888 1.24
2011040422 0.086 1.70
2011040423 0.0834 1.72
2011040424 0.081 1.72
2011040501 0.08 2.25
2011040502 0.0777 2.28
2011040503 0.0755 2.31
2011040504 0.0735 2.31
2011040505 0.0717 2.26
2011040506 0.07 2.26
2011040507 0.0684 2.26
2011040508 0.0669 2.10
2011040509 0.0655 1.96
2011040510 0.1374 1.54
2011040511 0.6005 1.98
2011040512 0.886 0.98
2011040513 1.3333 0.98
2011040514 1.2754 0.75
2011040515 0.7965 3.45
2011040516 0.9693 0.17
2011040517 0.8734 1.44
2011040518 0.5555 1.92
2011040519 0.5248 2.95
2011040520 0.4964 3.83
2011040521 0.4699 3.89
2011040522 0.4453 3.59
2011040523 0.4223 3.81
2011040524 0.4009 3.76
2011040601 0.3968 3.51
2011040602 0.3757 3.71
2011040603 0.3562 3.86
2011040604 0.3379 3.56
2011040605 0.321 3.40
2011040606 0.3052 3.42
2011040607 0.2904 3.14
2011040608 0.2766 3.11
2011040609 0.2636 2.61
2011040610 0.2515 3.54
2011040611 0.4832 3.44
2011040612 0.3959 4.58
2011040613 0.554 3.16
2011040614 0.6964 4.95
2011040615 0.8084 4.56
2011040616 0.8735 3.34
2011040617 1.1817 3.92
2011040618 0.8249 5.20
2011040619 0.7616 6.06
2011040620 0.7175 6.25
2011040621 0.6767 6.49
2011040622 0.639 6.13
2011040623 0.6039 6.13
2011040624 0.5713 5.57
2011040701 0.5656 5.57
2011040702 0.534 5.36
2011040703 0.5046 4.73
2011040704 0.4774 4.70
2011040705 0.452 3.94
2011040706 0.4284 5.02
2011040707 0.4063 4.81
2011040708 0.3857 4.18
2011040709 0.3664 3.96
2011040710 0.4286 4.35
2011040711 0.6722 4.05
2011040712 0.9465 3.29
2011040713 0.7307 3.22
2011040714 0.9865 3.94
2011040715 0.7952 4.22
2011040716 0.8503 5.79
2011040717 0.6652 5.96
2011040718 0.5839 6.21
2011040719 0.5196 6.70
2011040720 0.4936 8.91
2011040721 0.4591 6.34
2011040722 0.5044 6.27
2011040723 0.4307 8.82
2011040724 0.4617 4.35
2011040801 0.381 6.93
2011040802 0.4162 7.48
2011040803 0.3403 10.19
2011040804 0.8728 6.96
2011040805 0.375 9.89
2011040806 0.2895 9.54
2011040807 0.2749 9.54
2011040808 0.2613 10.46
2011040809 0.2485 11.04
2011040810 0.2366 12.55
2011040811 0.2255 12.55
2011040812 0.2151 13.10
2011040813 0.2053 7.88
2011040814 0.1961 13.30
2011040815 0.1966 12.89
2011040816 0.2267 12.56
2011040817 0.2383 12.48
2011040818 0.2232 12.01
2011040819 0.2096 11.39
2011040820 0.1975 11.18
2011040821 0.1865 10.80
2011040822 0.1766 10.80
2011040823 0.1675 9.92
2011040824 0.1593 9.72
2011040901 0.1574 10.03
2011040902 0.1498 7.17
2011040903 0.1428 7.46
2011040904 0.1363 7.45
2011040905 0.1303 6.61
2011040906 0.1248 6.79
2011040907 0.1197 6.96
2011040908 0.1149 7.00
2011040909 0.1105 6.37
2011040910 0.1064 6.45
2011040911 0.1025 6.99
2011040912 0.099 4.27
2011040913 0.0956 7.26
2011040914 0.1121 4.34
2011040915 0.1816 7.10
2011040916 0.2317 7.40
2011040917 0.2382 7.42
2011040918 0.2232 4.48
2011040919 0.2089 4.48
2011040920 0.1961 7.13
2011040921 0.1846 7.45
2011040922 0.1742 4.45
2011040923 0.1647 4.42
2011040924 0.1561 4.40
2011041001 0.1504 4.73
2011041002 0.1429 4.71
2011041003 0.1361 5.06
2011041004 0.1298 5.09
2011041005 0.124 5.09
2011041006 0.1186 5.09
2011041007 0.1136 5.07
2011041008 0.109 4.77
2011041009 0.1048 8.10
2011041010 0.1008 4.75
2011041011 0.099 5.06
2011041012 0.1719 4.75
2011041013 0.3026 5.42
2011041014 0.4238 5.43
2011041015 0.4975 5.78
2011041016 0.5387 5.39
2011041017 0.5409 5.36
2011041018 0.5122 5.38
2011041019 0.4757 5.38
2011041020 0.4428 8.38
2011041021 0.413 8.34
2011041022 0.3859 8.25
2011041023 0.3613 8.25
2011041024 0.3388 5.58
2011041101 0.321 8.32
2011041102 0.3017 8.63
2011041103 0.284 5.66
2011041104 0.2676 5.99
2011041105 0.2526 5.99
2011041106 0.2386 5.92
2011041107 0.2257 8.61
2011041108 0.2138 8.28
2011041109 0.2027 8.54
2011041110 0.1924 8.51
2011041111 0.1835 8.57
2011041112 0.217 8.22
2011041113 0.3153 5.89
2011041114 0.4337 8.85
2011041115 0.5204 9.22
2011041116 0.5616 8.92
2011041117 0.5271 6.61
2011041118 0.4901 8.92
2011041119 0.4563 9.56
2011041120 0.4258 8.97
2011041121 0.3981 8.97
2011041122 0.3728 6.19
2011041123 0.3497 8.61
2011041124 0.3285 8.40
2011041201 0.3178 8.42
2011041202 0.2987 6.58
2011041203 0.2812 6.51
2011041204 0.265 6.92
2011041205 0.2501 6.80
2011041206 0.2363 6.80
2011041207 0.2235 7.18
2011041208 0.2116 6.91
2011041209 0.2006 6.73
2011041210 0.1904 6.88
2011041211 0.1808 6.82
2011041212 0.1801 4.56
2011041213 0.2736 6.82
2011041214 0.3942 6.59
2011041215 0.4959 7.03
2011041216 0.5518 7.09
2011041217 0.5341 6.98
2011041218 0.4954 9.26
2011041219 0.4606 6.98
2011041220 0.4291 7.31
2011041221 0.4006 7.29
2011041222 0.3745 6.93
2011041223 0.3508 9.60
2011041224 0.3291 6.44
2011041301 0.3093 7.12
2011041302 0.2909 7.18
2011041303 0.2739 7.18
2011041304 0.2582 7.43
2011041305 0.2438 7.53
2011041306 0.2304 5.11
2011041307 0.2181 7.50
2011041308 0.2066 7.61
2011041309 0.1959 7.33
2011041310 0.186 7.44
2011041311 0.1768 7.47
2011041312 0.1682 5.15
2011041313 0.1603 6.93
2011041314 0.1528 4.26
2011041315 0.1484 6.86
2011041316 0.2031 8.09
2011041317 0.2369 8.07
2011041318 0.2293 8.01
2011041319 0.2147 7.56
2011041320 0.2015 7.45
2011041321 0.1897 7.48
2011041322 0.1789 7.65
2011041323 0.1692 5.65
2011041324 0.1603 5.59
2011041401 0.1558 5.46
2011041402 0.1477 8.24
2011041403 0.1404 6.28
2011041404 0.1336 6.41
2011041405 0.1274 6.30
2011041406 0.1216 6.27
2011041407 0.1163 6.08
2011041408 0.1114 3.59
2011041409 0.1069 5.49
2011041410 0.1027 6.35
2011041411 0.1017 4.73
2011041412 0.2119 4.73
2011041413 0.439 5.95
2011041414 0.6439 6.11
2011041415 0.8082 6.22
2011041416 0.913 8.60
2011041417 0.9067 8.64
2011041418 0.8357 10.51
2011041419 0.7717 10.51
2011041420 0.7142 10.65
2011041421 0.6625 10.99
2011041422 0.6157 9.92
2011041423 0.5733 10.10
2011041424 0.5346 9.38
2011041501 0.5253 9.02
2011041502 0.4877 9.47
2011041503 0.4537 8.78
2011041504 0.4229 8.40
2011041505 0.3949 8.73
2011041506 0.3692 8.30
2011041507 0.3457 8.38
2011041508 0.3241 7.55
2011041509 0.3043 8.87
2011041510 0.286 7.34
2011041511 0.2691 7.03
2011041512 0.2732 5.83
2011041513 0.484 7.59
2011041514 0.6656 8.46
2011041515 0.867 9.03
2011041516 0.8917 10.02
2011041517 0.8633 10.30
2011041518 0.8289 12.60
2011041519 0.7722 14.56
2011041520 0.7526 12.98
2011041521 0.7036 10.93
2011041522 0.6467 12.32
2011041523 0.5957 13.70
2011041524 0.5505 13.05
2011041601 0.5585 13.05
2011041602 0.5124 12.54
2011041603 0.4716 12.54
2011041604 0.4361 12.87
2011041605 0.4053 13.01
2011041606 0.3782 12.94
2011041607 0.3585 12.25
2011041608 0.3434 12.25
2011041609 1.0033 13.82
2011041610 0.3218 14.15
2011041611 0.3687 14.13
2011041612 0.3902 13.94
2011041613 0.6132 14.94
2011041614 0.5088 17.29
2011041615 0.4272 19.25
2011041616 0.2997 21.33
2011041617 0.275 25.93
2011041618 0.2534 27.85
2011041619 0.2345 28.03
2011041620 0.2177 26.12
2011041621 0.2027 24.70
2011041622 0.1893 22.33
2011041623 0.1771 20.79
2011041624 0.1662 19.53
2011041701 0.1626 18.65
2011041702 0.1525 16.89
2011041703 0.1434 17.66
2011041704 0.1351 17.38
2011041705 0.1276 16.67
2011041706 0.1207 16.79
2011041707 0.1145 15.10
2011041708 0.1087 15.02
2011041709 0.1035 14.25
2011041710 0.0987 13.86
2011041711 0.0943 13.38
2011041712 0.0903 13.12
2011041713 0.0866 12.83
2011041714 0.0839 8.29
2011041715 0.1393 12.47
2011041716 0.1703 10.78
2011041717 0.1527 10.58
2011041718 0.139 11.19
2011041719 0.1275 10.99
2011041720 0.1181 11.24
2011041721 0.1103 11.18
2011041722 0.1036 11.15
2011041723 0.0978 7.53
2011041724 0.0926 9.86
2011041801 0.0888 9.81
2011041802 0.0846 8.77
2011041803 0.0809 9.52
2011041804 0.0776 8.87
2011041805 0.0746 9.10
2011041806 0.0719 8.87
2011041807 0.0694 8.61
2011041808 0.0672 8.69
2011041809 0.0651 9.33
2011041810 0.0633 8.73
2011041811 0.0668 8.73
2011041812 0.1927 7.85
2011041813 0.3769 8.59
2011041814 0.3433 9.42
2011041815 0.303 9.70
2011041816 0.2712 8.79
2011041817 0.2452 10.31
2011041818 0.2235 10.31
2011041819 0.2049 11.32
2011041820 0.1888 11.26
2011041821 0.1747 8.76
2011041822 0.1623 10.31
2011041823 0.1513 9.73
2011041824 0.1414 10.86
2011041901 0.1409 9.99
2011041902 0.1316 10.68
2011041903 0.1232 9.05
2011041904 0.1157 9.16
2011041905 0.1089 9.21
2011041906 0.1028 8.77
2011041907 0.0974 8.92
2011041908 0.0924 7.90
2011041909 0.088 8.55
2011041910 0.0839 8.27
2011041911 0.0803 8.04
2011041912 0.2018 8.45
2011041913 0.3281 7.95
2011041914 0.4265 9.33
2011041915 0.5016 8.36
2011041916 0.4664 6.93
2011041917 0.4115 8.18
2011041918 0.3671 8.32
2011041919 0.3303 9.75
2011041920 0.2991 8.04
2011041921 0.2723 7.39
2011041922 0.2489 8.73
2011041923 0.2284 8.87
2011041924 0.2103 8.41
2011042001 0.2011 7.93
2011042002 0.1854 8.01
2011042003 0.1715 8.23
2011042004 0.1591 8.35
2011042005 0.148 8.31
2011042006 0.1381 6.95
2011042007 0.1291 7.95
2011042008 0.1211 7.72
2011042009 0.1139 7.92
2011042010 0.1074 7.45
2011042011 0.1199 7.49
2011042012 0.3223 7.37
2011042013 0.5433 7.14
2011042014 0.5621 8.69
2011042015 0.5532 8.19
2011042016 0.5487 6.23
2011042017 0.5134 7.80
2011042018 0.4558 8.41
2011042019 0.4076 9.52
2011042020 0.367 10.02
2011042021 0.3322 7.21
2011042022 0.302 8.83
2011042023 0.2756 9.02
2011042024 0.2523 7.72
2011042101 0.2324 9.12
2011042102 0.2139 8.92
2011042103 0.1974 8.22
2011042104 0.1827 7.81
2011042105 0.1695 8.27
2011042106 0.1576 7.21
2011042107 0.147 7.93
2011042108 0.1374 8.10
2011042109 0.1288 7.76
2011042110 0.1209 7.46
2011042111 0.1358 7.38
2011042112 0.1745 7.18
2011042113 0.2583 7.67
2011042114 0.3639 8.27
2011042115 0.5191 6.15
2011042116 0.5371 7.99
2011042117 0.477 8.47
2011042118 0.424 8.32
2011042119 0.3779 9.70
2011042120 0.3396 8.18
2011042121 0.3071 10.63
2011042122 0.279 7.37
2011042123 0.2546 9.27
2011042124 0.2332 8.94
2011042201 0.215 8.27
2011042202 0.198 8.42
2011042203 0.1829 8.37
2011042204 0.1695 7.95
2011042205 0.1574 7.99
2011042206 0.1467 8.18
2011042207 0.137 8.22
2011042208 0.1282 7.17
2011042209 0.1204 7.34
2011042210 0.1133 7.59
2011042211 0.1069 8.99
2011042212 0.1121 6.63
2011042213 0.2804 6.19
2011042214 0.5012 7.72
2011042215 0.6191 7.80
2011042216 0.6072 7.93
2011042217 0.5589 8.13
2011042218 0.4931 10.30
2011042219 0.437 7.44
2011042220 0.3909 5.50
2011042221 0.3521 9.19
2011042222 0.3189 8.32
2011042223 0.29 8.82
2011042224 0.2647 8.82
2011042301 0.2393 7.59
2011042302 0.2193 8.23
2011042303 0.2018 8.27
2011042304 0.1864 7.57
2011042305 0.1727 7.72
2011042306 0.1605 7.76
2011042307 0.1496 7.84
2011042308 0.1905 7.29
2011042309 0.2437 7.60
2011042310 0.3513 7.80
2011042311 0.4393 9.84
2011042312 0.9152 6.91
2011042313 0.5791 7.46
2011042314 0.2758 9.93
2011042315 0.1064 10.11
2011042316 0.6053 12.32
2011042317 0.5345 12.31
2011042318 0.5917 12.66
2011042319 0.5915 15.83
2011042320 0.458 13.16
2011042321 0.2597 16.00
2011042322 0.2936 16.24
2011042323 0.1242 17.80
2011042324 0.1409 18.46
2011042401 0.1339 18.59
2011042402 0.1051 21.34
2011042403 0.0847 23.86
2011042404 0.3092 23.70
2011042405 0.0594 25.47
2011042406 0.0578 26.38
2011042407 0.0564 27.70
2011042408 0.0551 27.31
2011042409 0.054 26.92
2011042410 0.0738 25.10
2011042411 0.1457 23.70
2011042412 0.2602 23.70
2011042413 0.4547 23.18
2011042414 0.4764 23.18
2011042415 0.4295 23.18
2011042416 0.3957 23.18
2011042417 0.4159 23.18
2011042418 0.3519 23.18
2011042419 0.3042 23.18
2011042420 0.2716 23.02
2011042421 0.2451 22.51
2011042422 0.2228 22.18
2011042423 0.2037 21.56
2011042424 0.187 20.60
2011042501 0.1733 20.90
2011042502 0.1603 19.80
2011042503 0.1488 18.99
2011042504 0.1387 18.99
2011042505 0.1296 17.55
2011042506 0.1216 17.68
2011042507 0.1144 17.68
2011042508 0.1079 17.01
2011042509 0.102 17.12
2011042510 0.1017 17.12
2011042511 0.1119 17.24
2011042512 1.6693 17.12
2011042513 0.3585 15.39
2011042514 0.2359 18.29
2011042515 0.1855 19.49
2011042516 0.1636 19.23
2011042517 0.1537 19.94
2011042518 0.1615 19.94
2011042519 0.136 19.13
2011042520 0.124 18.20
2011042521 0.1144 17.43
2011042522 0.1064 17.43
2011042523 0.0995 16.94
2011042524 0.0936 16.35
2011042601 0.089 16.89
2011042602 0.0841 17.24
2011042603 0.0799 15.07
2011042604 0.0762 14.63
2011042605 0.073 15.90
2011042606 0.0701 14.83
2011042607 0.0676 15.17
2011042608 0.2639 14.24
2011042609 1.2717 13.80
2011042610 3.05 14.17
2011042611 1.7081 12.32
2011042612 2.1965 15.02
2011042613 1.4697 13.09
2011042614 1.2766 18.60
2011042615 1.2229 18.10
2011042616 1.0268 15.91
2011042617 1.0327 17.12
2011042618 0.9235 17.92
2011042619 0.8607 18.08
2011042620 1.216 17.69
2011042621 0.6507 17.44
2011042622 0.5913 17.31
2011042623 0.5398 17.07
2011042624 0.4945 15.85
2011042701 0.4665 16.55
2011042702 0.4279 16.43
2011042703 0.3937 16.08
2011042704 0.3632 15.14
2011042705 0.3358 14.65
2011042706 0.3111 14.83
2011042707 0.2888 15.79
2011042708 0.3503 14.53
2011042709 0.2503 14.44
2011042710 0.3345 14.73
2011042711 0.5235 14.83
2011042712 0.7809 14.44
2011042713 0.9717 15.12
2011042714 1.0565 16.62
2011042715 1.1992 15.79
2011042716 1.2131 17.59
2011042717 1.1741 18.41
2011042718 1.0584 20.21
2011042719 0.9234 20.21
2011042720 1.0348 19.94
2011042721 0.7504 19.94
2011042722 0.9147 20.08
2011042723 0.8489 19.13
2011042724 1.0745 19.26
2011042801 0.8355 20.47
2011042802 1.4907 23.05
2011042803 1.8119 24.04
2011042804 1.5853 25.70
2011042805 1.1025 29.20
2011042806 0.5363 33.34
2011042807 0.6313 36.60
2011042808 0.5062 41.52
2011042809 0.6671 41.42
2011042810 1.0368 41.47
2011042811 0.3512 39.43
2011042812 0.6342 39.44
2011042813 0.7164 39.65
2011042814 0.8928 39.85
2011042815 0.9808 40.39
2011042816 0.9386 39.80
2011042817 0.9099 40.34
2011042818 0.7986 39.13
2011042819 0.6967 37.07
2011042820 0.712 37.25
2011042821 0.561 36.55
2011042822 0.4995 34.48
2011042823 0.4512 34.63
2011042824 0.4128 33.57
2011042901 0.3603 30.52
2011042902 0.334 30.45
2011042903 0.3103 31.43
2011042904 0.2889 29.23
2011042905 0.2694 27.32
2011042906 0.2517 28.26
2011042907 0.2356 27.52
2011042908 0.2209 27.33
2011042909 0.2074 26.58
2011042910 0.1951 26.38
2011042911 0.2054 26.19
2011042912 0.3666 25.62
2011042913 1.4592 23.69
2011042914 0.9394 24.22
2011042915 1.7175 24.40
2011042916 1.1009 24.22
2011042917 0.9599 23.53
2011042918 0.6544 23.18
2011042919 0.5628 22.51
2011042920 0.5044 22.18
2011042921 0.4988 22.18
2011042922 0.4171 22.02
2011042923 0.3831 19.70
2011042924 0.3519 20.16
2011043001 0.3396 19.86
2011043002 0.3123 19.71
2011043003 0.2883 19.41
2011043004 0.267 18.95
2011043005 0.248 18.45
2011043006 0.231 18.72
2011043007 0.2156 17.69
2011043008 0.2017 17.78
2011043009 0.3486 17.44
2011043010 0.6832 18.08
2011043011 1.1548 17.82
2011043012 1.3976 16.41
2011043013 1.6367 18.18
2011043014 1.714 20.63
2011043015 1.8039 22.34
2011043016 1.7269 22.01
2011043017 1.6618 22.14
2011043018 1.4682 23.51
2011043019 1.2947 23.51
2011043020 1.15 21.84
2011043021 1.0337 22.34
2011043022 0.9382 22.18
2011043023 0.8555 21.37
2011043024 0.7829 20.94
2011050101 0.8954 22.02
2011050102 0.7731 20.30
2011050103 0.8959 21.56
2011050104 1.1243 21.40
2011050105 0.7953 21.56
2011050106 0.4984 22.18
2011050107 0.6602 22.18
2011050108 0.4945 22.34
2011050109 0.8744 23.01
2011050110 0.7421 23.69
2011050111 1.2316 23.01
2011050112 2.2591 23.53
2011050113 1.9646 24.58
2011050114 0.6662 26.94
2011050115 0.8154 27.67
2011050116 2.4852 27.86
2011050117 1.7765 32.01
2011050118 1.8439 31.59
2011050119 1.3307 35.06
2011050120 5.9054 39.20
2011050121 1.2994 42.30
2011050122 0.8827 45.70
2011050123 0.885 48.30
2011050124 1.4324 48.96
2011050201 1.2265 49.67
2011050202 2.1288 49.02
2011050203 2.6821 48.74
2011050204 2.036 49.04
2011050205 1.0332 51.32
2011050206 0.4928 54.30
2011050207 0.4449 54.66
2011050208 0.4041 54.04
2011050209 0.377 54.04
2011050210 0.3601 48.97
2011050211 0.93 47.18
2011050212 0.6303 47.32
2011050213 0.7717 44.84
2011050214 0.7198 41.97
2011050215 0.6464 42.14
2011050216 0.5854 42.79
2011050217 0.515 36.67
2011050218 0.4354 37.83
2011050219 0.3882 36.28
2011050220 0.3522 35.85
2011050221 0.3212 32.89
2011050222 0.2942 33.67
2011050223 0.2705 31.19
2011050224 0.2496 30.18
2011050301 0.233 30.03
2011050302 0.2158 29.72
2011050303 0.2006 30.79
2011050304 0.187 27.64
2011050305 0.1748 26.85
2011050306 0.1638 27.87
2011050307 0.1538 29.90
2011050308 0.1448 25.61
2011050309 0.1592 28.98
2011050310 0.275 27.33
2011050311 0.3858 26.23
2011050312 0.5385 25.15
2011050313 1.0013 25.91
2011050314 1.2656 26.51
2011050315 1.3969 27.24
2011050316 1.4317 25.12
2011050317 1.2513 28.27
2011050318 1.0286 26.57
2011050319 0.8809 29.02
2011050320 0.7845 27.34
2011050321 0.7037 26.23
2011050322 0.6346 24.85
2011050323 0.5748 25.13
2011050324 0.5227 25.15
2011050401 0.4788 24.88
2011050402 0.4381 25.18
2011050403 0.4022 24.18
2011050404 0.3702 23.12
2011050405 0.3418 23.12
2011050406 0.3162 23.14
2011050407 0.2933 22.90
2011050408 0.2727 22.83
2011050409 0.254 23.79
2011050410 0.2371 23.30
2011050411 0.2217 23.30
2011050412 0.2077 22.73
2011050413 0.2443 22.73
2011050414 0.3926 22.50
2011050415 0.2547 21.73
2011050416 0.1951 17.65
2011050417 0.2825 20.33
2011050418 0.1699 20.58
2011050419 0.1388 20.58
2011050420 0.1317 20.58
2011050421 0.1252 20.46
2011050422 0.1192 19.78
2011050423 0.1138 19.00
2011050424 0.1087 19.26
2011050501 0.1044 18.12
2011050502 0.1001 18.69
2011050503 0.096 18.69
2011050504 0.0923 18.59
2011050505 0.0888 17.95
2011050506 0.0856 17.95
2011050507 0.0826 17.78
2011050508 0.0799 16.83
2011050509 0.3175 17.33
2011050510 1.0139 17.63
2011050511 1.5155 16.67
2011050512 0.9743 14.52
2011050513 0.9091 17.33
2011050514 1.0487 17.33
2011050515 1.0771 17.29
2011050516 1.4005 17.32
2011050517 1.2467 17.60
2011050518 1.0241 17.60
2011050519 0.8488 19.16
2011050520 0.7519 19.55
2011050521 0.671 19.26
2011050522 0.6024 17.93
2011050523 0.5437 18.22
2011050524 0.493 17.93
2011050601 0.4575 17.63
2011050602 0.4152 17.80
2011050603 0.3787 17.00
2011050604 0.3469 17.00
2011050605 0.319 16.68
2011050606 0.2944 16.83
2011050607 0.2724 16.68
2011050608 0.2529 16.37
2011050609 0.2741 16.21
2011050610 0.8519 16.68
2011050611 1.1558 16.05
2011050612 1.2429 16.21
2011050613 1.4419 14.60
2011050614 1.6131 17.96
2011050615 1.7979 14.52
2011050616 2.0325 17.66
2011050617 1.8024 20.94
2011050618 1.4961 17.99
2011050619 1.221 20.85
2011050620 1.0772 20.20
2011050621 0.9582 17.99
2011050622 0.862 17.99
2011050623 0.7741 17.99
2011050624 0.7002 21.17
2011050701 0.7256 21.36
2011050702 0.6437 19.50
2011050703 0.716 18.95
2011050704 0.5351 19.14
2011050705 0.4695 18.95
2011050706 0.4861 18.77
2011050707 0.3965 17.98
2011050708 0.4996 18.66
2011050709 0.8888 15.61
2011050710 0.5987 18.30
2011050711 1.2588 20.27
2011050712 1.4804 21.36
2011050713 1.6508 18.21
2011050714 1.7901 21.13
2011050715 1.7558 21.12
2011050716 1.8337 21.13
2011050717 2.3079 21.58
2011050718 1.8324 24.61
2011050719 4.4379 27.26
2011050720 2.697 29.60
2011050721 2.665 30.79
2011050722 5.229 34.02
2011050723 6.2771 44.10
2011050724 5.0922 51.46
2011050801 1.0416 55.30
2011050802 1.0331 59.70
2011050803 0.8853 59.60
2011050804 0.8073 53.34
2011050805 0.698 53.22
2011050806 0.5996 46.77
2011050807 0.5601 43.71
2011050808 0.5533 44.07
2011050809 0.7018 40.36
2011050810 0.5641 40.57
2011050811 0.5494 38.02
2011050812 0.9133 36.33
2011050813 0.5595 35.82
2011050814 0.9176 34.12
2011050815 1.123 34.35
2011050816 1.1308 33.36
2011050817 1.1336 33.09
2011050818 0.9339 32.68
2011050819 0.828 31.93
2011050820 0.6512 32.54
2011050821 0.5673 33.56
2011050822 0.5126 33.94
2011050823 0.4543 30.89
2011050824 0.4123 33.66
2011050901 0.3943 33.83
2011050902 0.3868 30.68
2011050903 0.3426 29.83
2011050904 0.3233 28.05
2011050905 0.2971 29.84
2011050906 0.2745 27.93
2011050907 0.311 30.15
2011050908 0.4593 27.59
2011050909 0.5856 26.85
2011050910 0.9502 28.07
2011050911 1.7181 28.77
2011050912 1.9819 27.87
2011050913 2.3738 26.85
2011050914 2.4621 30.04
2011050915 2.2218 30.20
2011050916 2.0027 33.38
2011050917 1.7481 30.15
2011050918 1.4131 33.94
2011050919 1.1835 36.03
2011050920 1.0118 32.80
2011050921 0.8946 33.94
2011050922 0.806 30.03
2011050923 0.7169 32.21
2011050924 0.6718 33.81
2011051001 0.6056 32.42
2011051002 0.6398 31.55
2011051003 0.6112 27.52
2011051004 0.589 29.49
2011051005 0.4115 28.71
2011051006 0.3764 28.55
2011051007 0.3453 28.57
2011051008 0.3211 29.52
2011051009 0.3622 27.61
2011051010 0.5672 27.64
2011051011 0.7844 28.26
2011051012 0.745 28.14
2011051013 0.8334 28.26
2011051014 0.9307 30.36
2011051015 0.8929 30.67
2011051016 0.7278 29.09
2011051017 0.7588 28.14
2011051018 0.5467 28.10
2011051019 0.4476 30.13
2011051020 0.3832 27.51
2011051021 0.341 28.26
2011051022 0.3689 28.25
2011051023 0.2799 29.84
2011051024 0.2559 26.54
2011051101 0.2398 29.07
2011051102 0.2198 27.87
2011051103 0.2024 26.67
2011051104 0.187 26.48
2011051105 0.1733 27.05
2011051106 0.1612 26.19
2011051107 0.1504 25.71
2011051108 0.1504 25.99
2011051109 0.4263 25.40
2011051110 1.0849 25.40
2011051111 1.6234 25.40
2011051112 1.794 25.40
2011051113 2.2782 25.52
2011051114 2.2574 30.34
2011051115 2.3657 29.80
2011051116 2.3417 31.48
2011051117 1.8846 32.66
2011051118 1.3823 32.75
2011051119 1.1671 33.41
2011051120 0.9963 32.89
2011051121 0.8792 32.73
2011051122 0.7824 31.34
2011051123 0.7003 31.69
2011051124 0.6297 29.15
2011051201 0.5928 28.38
2011051202 0.5324 30.17
2011051203 0.4801 29.01
2011051204 0.4346 28.07
2011051205 0.3947 27.15
2011051206 0.3596 27.27
2011051207 0.3287 26.67
2011051208 0.3021 25.90
2011051209 0.3676 26.77
2011051210 1.2356 26.27
2011051211 1.8364 26.77
2011051212 2.0677 26.17
2011051213 2.3383 23.15
2011051214 2.3048 28.36
2011051215 2.4804 30.67
2011051216 2.3492 29.28
2011051217 2.1123 30.09
2011051218 1.6792 30.09
2011051219 1.3899 30.61
2011051220 1.1154 30.89
2011051221 0.9781 29.69
2011051222 0.8667 29.37
2011051223 0.7729 29.07
2011051224 0.6925 28.75
2011051301 0.6538 28.25
2011051302 0.7715 28.07
2011051303 0.5183 28.07
2011051304 0.7669 28.07
2011051305 0.8458 28.07
2011051306 1.0674 28.07
2011051307 1.2177 27.46
2011051308 3.3335 27.46
2011051309 1.9579 29.98
2011051310 1.6034 33.29
2011051311 1.4621 37.12
2011051312 2.5193 43.76
2011051313 1.1793 45.19
2011051314 1.1771 49.80
2011051315 3.01 53.63
2011051316 1.7066 53.26
2011051317 0.4752 52.85
2011051318 0.31 57.56
2011051319 0.3337 49.43
2011051320 0.2406 50.16
2011051321 0.2153 49.75
2011051322 0.1946 46.30
2011051323 0.1772 42.71
2011051324 0.1625 42.46
2011051401 0.1472 41.24
2011051402 0.1969 40.37
2011051403 0.1281 38.60
2011051404 0.163 37.09
2011051405 0.1132 36.78
2011051406 0.1498 35.01
2011051407 0.1014 35.42
2011051408 0.1392 33.67
2011051409 0.0997 33.88
2011051410 0.2887 32.47
2011051411 0.5073 32.47
2011051412 0.95 32.16
2011051413 0.5663 32.28
2011051414 0.7206 30.62
2011051415 0.5093 30.84
2011051416 0.736 31.49
2011051417 0.8829 30.33
2011051418 0.572 29.98
2011051419 0.5006 29.83
2011051420 0.3637 29.83
2011051421 0.3337 28.71
2011051422 0.2839 28.22
2011051423 0.2693 27.93
2011051424 0.2365 28.06
2011051501 0.1989 27.45
2011051502 0.1953 26.37
2011051503 0.1642 26.67
2011051504 0.1505 26.79
2011051505 0.1387 26.79
2011051506 0.1284 25.90
2011051507 0.1194 25.23
2011051508 0.1178 26.31
2011051509 0.1132 24.96
2011051510 0.5954 24.96
2011051511 1.2512 24.38
2011051512 1.5105 25.43
2011051513 1.9216 25.43
2011051514 2.0919 26.19
2011051515 2.0821 26.67
2011051516 2.0622 27.66
2011051517 1.6897 27.95
2011051518 1.2009 28.46
2011051519 0.9911 28.25
2011051520 0.8387 27.93
2011051521 0.7337 26.37
2011051522 0.6471 26.67
2011051523 0.5744 26.50
2011051524 0.5129 25.61
2011051601 0.5061 25.71
2011051602 0.5542 25.23
2011051603 0.3938 24.92
2011051604 0.4015 24.45
2011051605 0.3153 25.04
2011051606 0.2992 23.46
2011051607 0.2736 23.46
2011051608 0.2695 23.16
2011051609 0.4856 23.67
2011051610 1.1767 23.41
2011051611 1.5409 23.41
2011051612 2.1285 23.41
2011051613 2.4448 23.62
2011051614 2.3917 23.88
2011051615 2.1302 24.92
2011051616 1.8032 25.40
2011051617 1.6907 26.27
2011051618 1.1493 26.48
2011051619 3.7665 27.05
2011051620 2.7073 28.77
2011051621 0.7879 30.49
2011051622 0.6439 29.70
2011051623 0.547 28.55
2011051624 0.4783 29.85
2011051701 0.4301 28.71
2011051702 0.4077 28.71
2011051703 0.3422 28.23
2011051704 0.3343 27.12
2011051705 0.2802 27.12
2011051706 0.2813 26.04
2011051707 0.2403 26.34
2011051708 0.26 25.27
2011051709 0.9374 25.55
2011051710 0.9298 25.51
2011051711 0.6883 25.83
2011051712 0.5032 25.37
2011051713 0.8506 25.37
2011051714 0.5142 24.50
2011051715 0.5441 24.50
2011051716 0.5838 24.50
2011051717 0.5478 24.96
2011051718 0.5224 24.96
2011051719 0.4878 23.92
2011051720 0.3093 24.50
2011051721 0.2917 24.50
2011051722 0.2375 24.50
2011051723 0.2379 24.50
2011051724 0.1914 23.46
2011051801 0.1865 23.46
2011051802 0.226 23.46
2011051803 0.1514 23.46
2011051804 0.1541 23.46
2011051805 0.1276 22.01
2011051806 0.1341 22.01
2011051807 0.1206 21.29
2011051808 0.132 21.53
2011051809 0.6391 21.53
2011051810 1.6193 21.77
2011051811 2.0986 21.77
2011051812 2.3305 22.20
2011051813 2.0083 22.20
2011051814 1.9855 22.20
2011051815 1.9774 26.09
2011051816 1.9972 26.09
2011051817 2.0006 27.64
2011051818 1.7849 28.26
2011051819 1.5847 28.57
2011051820 1.0087 27.45
2011051821 0.8169 28.22
2011051822 0.7087 27.14
2011051823 0.5974 26.67
2011051824 0.5372 25.61
2011051901 0.5356 25.61
2011051902 0.5239 24.98
2011051903 0.3887 24.98
2011051904 0.3477 24.68
2011051905 0.3095 24.68
2011051906 0.6131 24.68
2011051907 1.6241 24.04
2011051908 1.3319 24.04
2011051909 1.7241 24.04
2011051910 3.2801 25.90
2011051911 1.2436 27.46
2011051912 0.9514 28.48
2011051913 1.5222 29.61
2011051914 2.3824 28.68
2011051915 1.9152 28.96
2011051916 1.2035 30.42
2011051917 1.4463 31.90
2011051918 1.1347 32.89
2011051919 0.8925 32.16
2011051920 0.7775 32.16
2011051921 0.6494 31.29
2011051922 0.6715 30.13
2011051923 1.0138 29.65
2011051924 0.5653 28.86
2011052001 0.4839 30.48
2011052002 0.5125 29.35
2011052003 0.6411 28.86
2011052004 0.4279 28.86
2011052005 0.4525 29.19
2011052006 0.4697 28.86
2011052007 0.6594 28.38
2011052008 1.3448 28.05
2011052009 1.6495 28.38
2011052010 2.2972 28.86
2011052011 2.78 28.86
2011052012 3.1077 29.51
2011052013 2.501 31.02
2011052014 1.9683 34.84
2011052015 1.784 37.70
2011052016 1.4632 38.49
2011052017 1.3616 37.25
2011052018 1.0398 36.05
2011052019 1.3939 35.21
2011052020 1.3464 34.82
2011052021 0.7371 33.99
2011052022 0.7089 33.17
2011052023 0.6841 33.56
2011052024 0.4655 32.85
2011052101 0.5769 32.35
2011052102 0.5127 32.35
2011052103 0.7287 31.85
2011052104 2.2593 32.22
2011052105 1.8413 32.95
2011052106 1.9783 33.61
2011052107 0.473 34.84
2011052108 0.868 34.45
2011052109 0.794 35.84
2011052110 0.8878 34.39
2011052111 1.0777 35.31
2011052112 0.8512 33.99
2011052113 0.9265 33.17
2011052114 1.0691 33.17
2011052115 1.2482 32.67
2011052116 0.6785 33.23
2011052117 0.6613 34.06
2011052118 1.0283 33.56
2011052119 0.8285 34.06
2011052120 0.4693 33.17
2011052121 0.4081 32.85
2011052122 0.3892 33.56
2011052123 0.3875 31.97
2011052124 0.3491 31.60
2011052201 0.2175 30.44
2011052202 0.2005 30.32
2011052203 0.1584 29.65
2011052204 0.3166 29.51
2011052205 0.1292 29.51
2011052206 0.1186 28.86
2011052207 0.1764 28.38
2011052208 0.3139 27.91
2011052209 0.4998 27.59
2011052210 1.1065 27.59
2011052211 1.5443 27.43
2011052212 1.9614 27.74
2011052213 2.4867 27.90
2011052214 2.6944 28.38
2011052215 2.7696 28.55
2011052216 2.5423 30.52
2011052217 1.9208 30.84
2011052218 1.2113 32.01
2011052219 0.7996 32.85
2011052220 0.5693 32.29
2011052221 0.4741 31.60
2011052222 0.41 30.44
2011052223 0.3603 29.49
2011052224 0.3203 28.83
2011052301 0.3001 27.59
2011052302 0.3862 27.91
2011052303 0.2413 26.81
2011052304 0.2862 26.81
2011052305 0.1994 26.20
2011052306 0.2383 26.20
2011052307 0.1677 25.58
2011052308 0.1817 24.98
2011052309 0.1527 24.98
2011052310 0.2167 24.81
2011052311 1.2333 24.81
2011052312 2.0844 24.81
2011052313 2.3116 24.81
2011052314 2.3929 26.02
2011052315 2.4244 26.50
2011052316 2.3397 28.07
2011052317 1.3336 28.87
2011052318 0.7911 28.71
2011052319 0.5557 29.51
2011052320 0.4334 28.05
2011052321 0.3985 27.59
2011052322 0.3285 26.81
2011052323 0.3444 26.81
2011052324 0.262 26.04
2011052401 0.2617 25.58
2011052402 0.2834 25.13
2011052403 0.2061 25.13
2011052404 0.1857 25.13
2011052405 0.1683 23.77
2011052406 0.1585 23.77
2011052407 0.1473 23.77
2011052408 0.1604 23.77
2011052409 0.928 23.77
2011052410 1.8884 23.77
2011052411 1.9907 23.77
2011052412 1.7109 23.77
2011052413 1.7356 23.77
2011052414 1.9895 23.77
2011052415 1.8558 25.43
2011052416 2.1292 25.43
2011052417 1.5445 26.50
2011052418 0.8714 27.74
2011052419 1.0952 28.22
2011052420 1.4008 27.12
2011052421 0.5451 26.81
2011052422 0.3063 25.74
2011052423 0.2722 25.29
2011052424 0.2437 25.44
2011052501 0.2377 25.44
2011052502 0.2132 24.53
2011052503 0.7128 24.53
2011052504 0.1702 24.53
2011052505 0.1542 23.77
2011052506 0.1404 23.77
2011052507 0.1295 23.77
2011052508 0.1586 23.77
2011052509 0.6858 22.57
2011052510 1.3546 22.57
2011052511 0.8475 22.57
2011052512 1.1941 22.57
2011052513 1.6897 22.32
2011052514 1.8258 22.21
2011052515 1.9659 23.20
2011052516 1.8536 23.66
2011052517 1.2813 24.65
2011052518 0.9055 24.65
2011052519 0.6593 25.23
2011052520 0.3996 25.23
2011052521 0.3234 24.77
2011052522 0.2804 24.77
2011052523 0.2396 24.77
2011052524 0.2135 23.27
2011052601 0.2144 22.82
2011052602 0.2131 22.82
2011052603 0.1651 22.82
2011052604 0.1734 22.82
2011052605 0.1322 20.90
2011052606 0.1457 19.53
2011052607 0.1208 19.96
2011052608 0.1649 19.75
2011052609 0.981 19.96
2011052610 1.7394 20.40
2011052611 2.1317 20.40
2011052612 2.3272 20.83
2011052613 2.5577 21.26
2011052614 2.7434 21.71
2011052615 2.6437 21.71
2011052616 2.3927 25.74
2011052617 1.6433 25.74
2011052618 1.0351 27.18
2011052619 0.7629 27.52
2011052620 0.4843 27.09
2011052621 0.4132 25.70
2011052622 0.3474 24.63
2011052623 0.3302 24.63
2011052624 0.2681 21.61
2011052701 0.264 21.61
2011052702 0.314 20.21
2011052703 0.1996 20.06
2011052704 0.2284 19.56
2011052705 0.1563 19.77
2011052706 0.1878 20.61
2011052707 0.1437 20.18
2011052708 0.1669 19.61
2011052709 0.6897 20.40
2011052710 1.3647 20.21
2011052711 1.9192 19.81
2011052712 1.717 21.07
2011052713 1.7621 21.07
2011052714 2.1146 22.13
2011052715 1.7792 22.13
2011052716 1.4847 22.60
2011052717 1.5644 24.28
2011052718 0.92 24.28
2011052719 0.7547 24.28
2011052720 0.5094 24.28
2011052721 0.3847 23.55
2011052722 0.3025 22.22
2011052723 0.2637 22.22
2011052724 0.2178 21.40
2011052801 0.2109 20.19
2011052802 0.1792 20.19
2011052803 0.1582 19.02
2011052804 0.1477 19.22
2011052805 0.1261 18.80
2011052806 0.1219 19.56
2011052807 0.1539 18.26
2011052808 0.3709 19.18
2011052809 0.4385 18.91
2011052810 1.1755 18.37
2011052811 1.5778 19.00
2011052812 1.3386 19.19
2011052813 0.6546 21.20
2011052814 0.6679 21.89
2011052815 0.6582 21.89
2011052816 0.5708 23.40
2011052817 1.0957 22.96
2011052818 0.3947 22.96
2011052819 0.294 22.96
2011052820 0.9552 21.24
2011052821 0.4043 21.24
2011052822 0.2229 21.24
2011052823 0.175 19.81
2011052824 0.1455 18.99
2011052901 0.3828 18.99
2011052902 0.1657 19.56
2011052903 0.1594 19.95
2011052904 0.1434 20.14
2011052905 0.1372 19.27
2011052906 0.1254 19.27
2011052907 0.1668 19.45
2011052908 0.254 19.45
2011052909 0.298 19.63
2011052910 0.388 19.63
2011052911 0.4491 19.63
2011052912 0.5032 19.63
2011052913 0.8253 20.23
2011052914 0.8377 20.23
2011052915 0.8487 20.23
2011052916 0.8291 20.94
2011052917 0.7481 22.01
2011052918 0.6378 22.01
2011052919 0.49 22.01
2011052920 0.3434 22.01
2011052921 0.313 19.49
2011052922 0.2637 19.49
2011052923 0.204 18.73
2011052924 0.191 18.80
2011053001 0.1651 18.80
2011053002 0.1178 18.34
2011053003 0.1103 18.58
2011053004 0.0814 18.10
2011053005 0.0938 18.10
2011053006 0.0735 17.94
2011053007 0.2263 17.78
2011053008 0.4187 17.51
2011053009 0.5659 17.67
2011053010 0.6054 17.82
2011053011 0.8431 17.97
2011053012 0.8261 17.82
2011053013 1.0003 18.01
2011053014 0.8975 18.17
2011053015 0.9801 16.12
2011053016 0.8896 19.25
2011053017 0.752 19.09
2011053018 0.669 19.09
2011053019 0.5194 19.09
2011053020 0.2987 18.01
2011053021 0.2382 18.01
2011053022 0.183 17.85
2011053023 0.1455 17.21
2011053024 0.1339 16.18
2011053101 0.1113 16.96
2011053102 0.0945 16.60
2011053103 0.0814 16.89
2011053104 0.0709 15.71
2011053105 0.0624 15.97
2011053106 0.0555 15.47
2011053107 0.0497 15.85
2011053108 0.0767 15.98
2011053109 0.553 16.09
2011053110 0.1332 16.10
2011053111 1.1738 15.22
2011053112 1.3309 15.98
2011053113 1.437 16.76
2011053114 1.4887 16.63
2011053115 1.4249 17.30
2011053116 1.2781 18.00
2011053117 0.8514 18.00
2011053118 0.545 17.17
2011053119 0.4104 17.17
2011053120 0.2467 17.02
2011053121 0.2016 16.26
2011053122 0.1677 16.26
2011053123 0.1414 15.71
2011053124 0.1205 15.47
2011060101 0.1118 15.34
2011060102 0.1272 15.47
2011060103 0.0805 14.44
2011060104 0.0773 14.44
2011060105 0.0611 14.26
2011060106 0.0656 14.72
2011060107 0.0542 14.30
2011060108 0.0711 14.40
2011060109 0.1372 14.62
2011060110 0.632 15.16
2011060111 0.8485 13.97
2011060112 0.9477 15.27
2011060113 1.1176 15.05
2011060114 1.2862 14.84
2011060115 1.0566 15.51
2011060116 0.9712 16.09
2011060117 0.7121 15.97
2011060118 0.504 15.28
2011060119 0.3635 15.17
2011060120 0.1991 15.28
2011060121 0.1597 13.97
2011060122 0.1326 14.73
2011060123 0.1115 14.30
2011060124 0.0964 14.30
2011060201 0.0851 13.66
2011060202 0.1301 13.12
2011060203 0.0615 13.44
2011060204 0.0673 13.16
2011060205 0.0471 13.25
2011060206 0.0574 13.53
2011060207 0.0427 13.71
2011060208 0.0579 13.71
2011060209 0.1838 13.53
2011060210 0.4517 13.71
2011060211 0.7067 13.89
2011060212 0.5828 14.17
2011060213 0.6422 14.17
2011060214 0.6941 13.89
2011060215 0.6743 13.98
2011060216 0.5287 13.80
2011060217 0.4154 14.46
2011060218 0.294 15.15
2011060219 0.2187 14.86
2011060220 0.172 13.25
2011060221 0.1552 14.21
2011060222 0.1654 14.21
2011060223 0.1643 12.88
2011060224 0.1694 13.80
2011060301 0.1555 13.71
2011060302 0.128 12.62
2011060303 0.1167 12.62
2011060304 0.0892 12.62
2011060305 0.0781 12.71
2011060306 0.0757 12.71
2011060307 0.1326 12.79
2011060308 0.2444 13.04
2011060309 0.3093 12.96
2011060310 0.2226 12.29
2011060311 0.2773 13.29
2011060312 0.3827 13.38
2011060313 0.93 13.63
2011060314 0.9659 13.38
2011060315 0.7485 13.29
2011060316 0.6985 13.46
2011060317 0.5172 14.82
2011060318 0.4528 13.51
2011060319 0.3954 13.30
2011060320 0.2048 13.40
2011060321 0.216 13.20
2011060322 0.184 12.35
2011060323 0.1758 12.35
2011060324 0.158 12.75
2011060401 0.1137 12.65
2011060402 0.092 12.20
2011060403 0.0611 11.66
2011060404 0.0402 12.02
2011060405 0.0309 12.20
2011060406 0.0628 12.29
2011060407 0.2398 12.29
2011060408 0.4099 12.29
2011060409 0.3973 12.29
2011060410 0.718 12.66
2011060411 1.4377 12.75
2011060412 0.6 13.20
2011060413 1.0693 13.83
2011060414 0.395 14.00
2011060415 0.4326 13.15
2011060416 0.6086 12.01
2011060417 1.3888 12.11
2011060418 1.5709 13.29
2011060419 1.0879 12.75
2011060420 0.2788 15.04
2011060421 0.2262 14.65
2011060422 0.1708 11.83
2011060423 0.1946 12.11
2011060424 0.1462 12.96
2011060501 0.1132 12.57
2011060502 0.0498 12.57
2011060503 0.0804 12.20
2011060504 0.0879 12.20
2011060505 0.0481 12.20
2011060506 0.0383 12.20
2011060507 0.2198 12.20
2011060508 0.341 12.20
2011060509 0.5194 11.70
2011060510 0.5125 11.70
2011060511 0.7336 11.87
2011060512 0.424 12.11
2011060513 0.7272 12.61
2011060514 0.2248 12.80
2011060515 0.8104 11.50
2011060516 0.8361 11.68
2011060517 0.5618 11.50
2011060518 0.2676 11.33
2011060519 0.1896 9.00
2011060520 0.0651 12.28
2011060521 0.0523 12.20
2011060522 0.0371 10.78
2011060523 0.0311 10.78
2011060524 0.0267 10.85
2011060601 0.0254 11.15
2011060602 0.0215 11.15
2011060603 0.0187 11.00
2011060604 0.0166 11.07
2011060605 0.015 11.07
2011060606 0.0137 11.07
2011060607 0.0127 10.68
2011060608 0.1643 10.68
2011060609 0.3112 10.75
2011060610 0.5241 7.64
2011060611 0.5448 12.17
2011060612 0.5193 11.29
2011060613 0.4724 10.61
2011060614 0.8247 11.63
2011060615 0.9953 12.30
2011060616 0.5595 10.78
2011060617 0.3116 11.28
2011060618 0.3108 11.28
2011060619 0.1979 11.92
2011060620 0.0672 12.35
2011060621 0.0741 11.07
2011060622 0.0541 10.57
2011060623 0.0247 9.71
2011060624 0.0202 9.71
2011060701 0.019 10.48
2011060702 0.0157 10.48
2011060703 0.0136 10.48
2011060704 0.0121 10.48
2011060705 0.011 10.42
2011060706 0.0102 9.92
2011060707 0.0099 10.04
2011060708 0.1756 10.21
2011060709 0.476 9.98
2011060710 0.6405 10.67
2011060711 0.7186 11.48
2011060712 0.6372 11.31
2011060713 0.7341 10.33
2011060714 0.6214 10.67
2011060715 0.5937 12.14
2011060716 0.489 10.48
2011060717 0.4923 10.22
2011060718 0.2902 10.03
2011060719 0.2118 10.29
2011060720 0.1181 11.32
2011060721 0.1038 10.08
2011060722 0.1089 9.52
2011060723 0.0723 9.52
2011060724 0.0469 10.32
2011060801 0.0289 9.94
2011060802 0.021 9.94
2011060803 0.0149 9.47
2011060804 0.016 9.47
2011060805 0.0152 9.47
2011060806 0.0285 9.77
2011060807 0.0973 9.77
2011060808 0.266 9.32
2011060809 0.3066 9.52
2011060810 0.423 10.38
2011060811 0.4747 10.49
2011060812 0.5006 10.74
2011060813 0.5433 9.77
2011060814 0.5223 10.23
2011060815 0.527 11.25
2011060816 0.4699 9.16
2011060817 0.2807 9.50
2011060818 0.1792 9.16
2011060819 0.0958 9.98
2011060820 0.041 11.05
2011060821 0.0315 10.13
2011060822 0.0283 9.01
2011060823 0.0163 9.01
2011060824 0.0134 9.01
2011060901 0.0175 9.41
2011060902 0.0181 9.60
2011060903 0.0151 8.64
2011060904 0.016 9.35
2011060905 0.0174 9.48
2011060906 0.0229 9.48
2011060907 0.0448 9.04
2011060908 0.0732 9.66
2011060909 0.1607 9.66
2011060910 0.178 9.48
2011060911 0.1913 9.95
2011060912 0.2194 10.17
2011060913 0.2012 9.36
2011060914 0.1447 9.86
2011060915 0.1141 10.58
2011060916 0.151 10.04
2011060917 0.1218 10.53
2011060918 0.0833 9.63
2011060919 0.0946 9.18
2011060920 0.0528 9.83
2011060921 0.7412 9.01
2011060922 0.6404 9.57
2011060923 0.4427 9.57
2011060924 0.0404 9.57
2011061001 0.4231 9.57
2011061002 0.018 9.57
2011061003 0.0172 9.66
2011061004 0.0179 9.07
2011061005 0.0166 9.12
2011061006 0.0211 9.66
2011061007 0.0195 9.58
2011061008 0.0363 9.58
2011061009 0.0508 9.58
2011061010 0.0879 9.46
2011061011 0.101 9.99
2011061012 0.1172 9.09
2011061013 0.0899 8.65
2011061014 0.0734 9.87
2011061015 0.0537 9.42
2011061016 0.0722 8.97
2011061017 0.0379 9.30
2011061018 0.0438 9.34
2011061019 0.031 8.36
2011061020 0.0149 8.53
2011061021 0.0117 8.73
2011061022 0.012 8.81
2011061023 0.0121 8.81
2011061024 0.0058 8.81
2011061101 0.0052 8.81
2011061102 0.0025 8.81
2011061103 0.0054 8.57
2011061104 0.0023 8.57
2011061105 0.0023 8.64
2011061106 0.0074 8.64
2011061107 0.0195 8.64
2011061108 0.0277 8.64
2011061109 0.0475 8.64
2011061110 0.0576 8.76
2011061111 0.0563 9.05
2011061112 0.048 4.38
2011061113 0.0487 8.31
2011061114 0.2185 8.90
2011061115 0.5085 9.31
2011061116 0.1412 8.76
2011061117 0.0284 8.90
2011061118 0.0159 9.35
2011061119 0.0148 10.09
2011061120 0.0035 9.65
2011061121 0.0046 8.25
2011061122 0.0037 7.93
2011061123 0.0029 7.93
2011061124 0.0015 7.93
2011061201 0.0044 8.32
2011061202 0.0027 8.04
2011061203 0.0039 7.95
2011061204 0.0049 7.98
2011061205 0.0048 7.98
2011061206 0.0061 7.78
2011061207 0.013 8.08
2011061208 0.0169 7.82
2011061209 0.0223 8.14
2011061210 0.0261 8.14
2011061211 0.0227 8.52
2011061212 0.038 8.96
2011061213 0.0402 8.42
2011061214 0.0469 7.20
2011061215 0.0311 6.69
2011061216 0.0435 7.71
2011061217 0.0409 8.11
2011061218 0.0214 8.52
2011061219 0.0203 8.92
2011061220 0.0073 8.62
2011061221 0.0053 7.59
2011061222 0.0069 7.24
2011061223 0.0063 7.24
2011061224 0.0061 7.62
2011061301 0.0024 7.52
2011061302 0.0023 7.52
2011061303 0.0022 7.58
2011061304 0.0024 7.58
2011061305 0.0022 7.58
2011061306 0.0021 7.31
2011061307 0.0047 7.31
2011061308 0.0072 7.34
2011061309 0.0069 7.22
2011061310 0.0075 7.37
2011061311 0.011 8.17
2011061312 0.0149 7.93
2011061313 0.0143 7.30
2011061314 0.0142 7.46
2011061315 0.0102 8.01
2011061316 0.011 7.53
2011061317 0.0065 6.40
2011061318 0.0074 6.16
2011061319 0.0031 7.43
2011061320 0.0036 7.93
2011061321 0.8037 6.87
2011061322 0.305 6.87
2011061323 0.7041 7.43
2011061324 1.0044 7.43
2011061401 0.2031 7.19
2011061402 0.3026 8.14
2011061403 0.0026 8.47
2011061404 0.0024 8.47
2011061405 0.4024 8.37
2011061406 0.0032 8.37
2011061407 0.3034 8.33
2011061408 0.0049 7.93
2011061409 0.0059 7.29
2011061410 0.0089 8.34
2011061411 0.0081 7.59
2011061412 0.0132 8.18
2011061413 0.0152 6.54
2011061414 0.0109 6.47
2011061415 0.7065 7.39
2011061416 0.0085 7.12
2011061417 0.1082 8.24
2011061418 0.0069 8.69
2011061419 0.0055 8.08
2011061420 0.0016 8.34
2011061421 0.0019 7.03
2011061422 0.1013 6.72
2011061423 0.0018 6.72
2011061424 0.0023 6.06
2011061501 0.0007 7.03
2011061502 0.0005 7.22
2011061503 0.0003 7.18
2011061504 0.0003 6.61
2011061505 0.0003 6.58
2011061506 0.0003 6.78
2011061507 0.0068 6.84
2011061508 0.0093 6.86
2011061509 0.009 7.25
2011061510 0.011 7.37
2011061511 0.0116 1.10
2011061512 0.0186 7.25
2011061513 0.0138 5.98
2011061514 0.0186 7.76
2011061515 0.0161 7.05
2011061516 0.014 6.68
2011061517 0.0137 6.78
2011061518 0.0112 6.60
2011061519 0.0068 7.61
2011061520 0.0009 7.53
2011061521 0.0006 7.49
2011061522 0.0025 6.02
2011061523 0.0022 6.23
2011061524 0.0013 6.26
2011061601 0.0003 6.26
2011061602 0.0003 6.29
2011061603 0.0003 6.67
2011061604 0.0003 6.53
2011061605 0.0003 6.45
2011061606 0.0003 6.50
2011061607 0.0003 6.37
2011061608 0.0003 6.48
2011061609 0.0198 6.99
2011061610 0.029 6.96
2011061611 0.0299 6.48
2011061612 0.0312 7.25
2011061613 0.0335 5.79
2011061614 0.0239 4.38
2011061615 0.0254 5.37
2011061616 0.0194 5.93
2011061617 0.0153 7.53
2011061618 0.0085 7.19
2011061619 0.004 7.92
2011061620 0.0015 7.53
2011061621 0.0057 7.76
2011061622 0.0035 6.61
2011061623 0.0015 6.50
2011061624 0.0009 6.26
2011061701 0.0003 6.09
2011061702 0.0003 6.04
2011061703 0.0003 6.17
2011061704 0.0003 6.17
2011061705 0.0003 6.14
2011061706 0.0003 6.04
2011061707 0.0013 6.07
2011061708 0.0167 6.01
2011061709 0.0263 6.55
2011061710 0.0359 6.50
2011061711 0.0388 5.81
2011061712 0.0435 6.41
2011061713 0.0407 5.34
2011061714 0.0417 6.33
2011061715 0.0382 7.10
2011061716 0.0368 7.72
2011061717 0.0271 7.21
2011061718 0.0142 6.89
2011061719 0.006 6.76
2011061720 0.0034 7.26
2011061721 0.0048 6.86
2011061722 0.0037 5.68
2011061723 0.0033 6.04
2011061724 0.0017 5.78
2011061801 0 5.71
2011061802 0 5.89
2011061803 0 6.09
2011061804 0 6.19
2011061805 0 3.81
2011061806 0 5.73
2011061807 0 5.68
2011061808 0 4.35
2011061809 0 6.30
2011061810 0 6.37
2011061811 0 6.58
2011061812 0 6.66
2011061813 0 5.76
2011061814 0 5.73
2011061815 0 6.73
2011061816 0 2.36
2011061817 0 6.51
2011061818 0 0.02
2011061819 0 6.95
2011061820 0 6.79
2011061821 0 6.16
2011061822 0 4.98
2011061823 0 5.29
2011061824 0 5.33
2011061901 0 5.83
2011061902 0 5.97
2011061903 0 5.88
2011061904 0 5.83
2011061905 0 5.62
2011061906 0 5.50
2011061907 0 5.78
2011061908 0 3.17
2011061909 0 6.23
2011061910 0 6.25
2011061911 0 2.02
2011061912 0 5.76
2011061913 0 4.93
2011061914 0 4.96
2011061915 0 4.88
2011061916 0 4.88
2011061917 0 5.20
2011061918 0 5.27
2011061919 0 6.66
2011061920 0 6.73
2011061921 0 5.90
2011061922 0 5.26
2011061923 0 5.59
2011061924 0 5.59
2011062001 0 5.73
2011062002 0 5.76
2011062003 0 5.22
2011062004 0 5.64
2011062005 0 5.31
2011062006 0 3.57
2011062007 0 5.43
2011062008 0 5.48
2011062009 0 5.17
2011062010 0 5.12
2011062011 0 6.44
2011062012 0 5.01
2011062013 0 5.19
2011062014 0 5.26
2011062015 0 5.59
2011062016 0 4.82
2011062017 0 4.72
2011062018 0 5.06
2011062019 0 5.71
2011062020 0 6.17
2011062021 0 4.86
2011062022 0 4.95
2011062023 0 5.46
2011062024 0 4.92
2011062101 0 4.97
2011062102 0 4.64
2011062103 0 5.34
2011062104 0 5.44
2011062105 0 5.25
2011062106 0 5.23
2011062107 0 5.25
2011062108 0 5.25
2011062109 0 4.82
2011062110 0 5.23
2011062111 0 6.09
2011062112 0 5.84
2011062113 0 4.64
2011062114 0 6.02
2011062115 0 2.58
2011062116 0 4.33
2011062117 0 4.91
2011062118 0 2.26
2011062119 0 6.46
2011062120 0 5.59
2011062121 0 5.64
2011062122 0 4.99
2011062123 0 5.08
2011062124 0 5.01
2011062201 0 5.21
2011062202 0 5.38
2011062203 0 5.11
2011062204 0 5.38
2011062205 0 5.34
2011062206 0 4.43
2011062207 0 3.58
2011062208 0 5.11
2011062209 0 6.22
2011062210 0 5.66
2011062211 0 5.36
2011062212 0 6.18
2011062213 0 4.56
2011062214 0 5.64
2011062215 0 5.79
2011062216 0 4.35
2011062217 0 4.24
2011062218 0 4.44
2011062219 0 5.75
2011062220 0 5.61
2011062221 0 5.21
2011062222 0 4.64
2011062223 0 4.73
2011062224 1.2 3.54
2011062301 0 5.15
2011062302 0 5.39
2011062303 0 5.09
2011062304 0 5.35
2011062305 0 5.26
2011062306 0 5.18
2011062307 0 5.11
2011062308 0 5.07
2011062309 0 5.09
2011062310 0 5.50
2011062311 0 5.15
2011062312 0 5.58
2011062313 0 4.22
2011062314 0 6.37
2011062315 0 5.62
2011062316 0.3 4.15
2011062317 0.6 4.20
2011062318 1.5 4.69
2011062319 0.9 6.56
2011062320 0.9 6.50
2011062321 0.9 6.08
2011062322 2.2 5.28
2011062323 8.6 6.45
2011062324 2.7 6.42
2011062401 3.7 9.70
2011062402 1.8 9.70
2011062403 1.8 15.52
2011062404 2.1 16.10
2011062405 0.8 15.52
2011062406 0.2 14.04
2011062407 0 12.64
2011062408 0.1 11.27
2011062409 0 9.21
2011062410 0 7.62
2011062411 0 7.88
2011062412 0 7.76
2011062413 0 6.79
2011062414 0.1 6.74
2011062415 0 7.53
2011062416 0 6.28
2011062417 0 4.69
2011062418 0 5.39
2011062419 0 6.55
2011062420 0 6.55
2011062421 0 5.97
2011062422 0 4.73
2011062423 0 5.19
2011062424 0 5.28
2011062501 0 4.06
2011062502 0 5.33
2011062503 0 5.54
2011062504 0 5.40
2011062505 0 5.02
2011062506 0 5.22
2011062507 0 5.45
2011062508 0 5.41
2011062509 0 6.13
2011062510 0 5.26
2011062511 0 0.00
2011062512 0 5.36
2011062513 0 4.09
2011062514 0 4.20
2011062515 0 4.16
2011062516 0 4.20
2011062517 0 5.81
2011062518 0 5.77
2011062519 0 5.51
2011062520 0 5.87
2011062521 0 5.49
2011062522 0 3.92
2011062523 0 4.32
2011062524 0 3.14
2011062601 0 4.56
2011062602 0 4.80
2011062603 0 4.90
2011062604 0 4.86
2011062605 0 4.66
2011062606 0 4.64
2011062607 0 4.60
2011062608 0 4.56
2011062609 0 6.11
2011062610 0 4.22
2011062611 0 5.93
2011062612 0 5.67
2011062613 0 4.58
2011062614 0 5.99
2011062615 0 4.40
2011062616 0 4.04
2011062617 0 3.80
2011062618 0 3.70
2011062619 0 4.97
2011062620 0 5.30
2011062621 0 5.21
2011062622 0 4.78
2011062623 0 4.45
2011062624 0 4.76
2011062701 0 4.87
2011062702 0 5.06
2011062703 0 5.08
2011062704 0 5.13
2011062705 0 4.85
2011062706 0 4.76
2011062707 0 4.69
2011062708 0 4.48
2011062709 0 5.54
2011062710 0 5.17
2011062711 0 5.39
2011062712 0 5.43
2011062713 0 3.66
2011062714 0 5.21
2011062715 0 2.68
2011062716 0 4.00
2011062717 0 5.10
2011062718 0 5.33
2011062719 0 4.71
2011062720 0 5.07
2011062721 0 6.19
2011062722 0 4.42
2011062723 0 4.41
2011062724 0.3 4.42
2011062801 0 4.45
2011062802 0 4.51
2011062803 0 4.67
2011062804 0 5.04
2011062805 0 4.48
2011062806 0 4.54
2011062807 0 4.91
2011062808 0 5.32
2011062809 0 4.98
2011062810 0 5.85
2011062811 0 5.66
2011062812 0 5.78
2011062813 0.2 4.01
2011062814 0 6.19
2011062815 0 4.82
2011062816 0.2 5.47
2011062817 0.2 5.26
2011062818 0.7 4.24
2011062819 0 3.83
2011062820 0 5.61
2011062821 0.1 4.42
2011062822 0.1 3.51
2011062823 0.1 3.98
2011062824 0 4.32
2011062901 0.2 4.76
2011062902 0.1 4.54
2011062903 0 4.63
2011062904 0.1 4.91
2011062905 0 4.48
2011062906 0 4.70
2011062907 0 4.54
2011062908 0 4.42
2011062909 0 6.00
2011062910 0 4.70
2011062911 0 4.29
2011062912 0 5.60
2011062913 0 2.15
2011062914 0 5.41
2011062915 0 5.19
2011062916 0 4.91
2011062917 0 5.16
2011062918 0 2.80
2011062919 0 3.33
2011062920 0 5.19
2011062921 0 3.37
2011062922 0 3.43
2011062923 0 3.75
2011062924 0 4.38
2011063001 0 4.68
2011063002 0 4.59
2011063003 0 4.98
2011063004 0 4.65
2011063005 0 4.20
2011063006 0 4.35
2011063007 0 4.43
2011063008 0 4.10
2011063009 0 5.90
2011063010 0 3.01
2011063011 0 3.19
2011063012 0 3.25
2011063013 0 3.46
2011063014 0 3.84
2011063015 0 4.86
2011063016 0 4.44
2011063017 0 2.89
2011063018 0 2.83
2011063019 0 3.22
2011063020 0 7.54
2011063021 0 5.39
2011063022 0 3.19
2011063023 0 3.38
2011063024 0 3.63
