2009030101 0.0417 2.01
2009030102 0.0417 2.03
2009030103 0.0417 2.03
2009030104 0.0417 2.04
2009030105 0.0417 2.01
2009030106 0.0417 2.03
2009030107 0.0417 2.03
2009030108 0.0417 2.04
2009030109 0.0417 2.03
2009030110 0.0417 2.03
2009030111 0.0417 2.03
2009030112 0.0417 2.03
2009030113 0.0417 2.00
2009030114 0.0417 2.00
2009030115 0.0417 2.00
2009030116 0.0417 2.00
2009030117 0.0417 1.98
2009030118 0.0417 1.98
2009030119 0.0417 2.04
2009030120 0.0417 2.03
2009030121 0.0417 2.03
2009030122 0.0417 2.04
2009030123 0.0417 2.06
2009030124 0.0417 2.06
2009030201 0.0417 2.04
2009030202 0.0417 2.04
2009030203 0.0417 2.04
2009030204 0.0417 2.01
2009030205 0.0417 1.98
2009030206 0.0417 2.03
2009030207 0.0417 2.03
2009030208 0.0417 1.91
2009030209 0.0417 1.89
2009030210 0.0417 1.89
2009030211 0.0417 2.00
2009030212 0.0417 2.11
2009030213 0.0417 2.05
2009030214 0.0417 2.08
2009030215 0.0417 2.03
2009030216 0.0417 2.03
2009030217 0.0417 2.03
2009030218 0.0417 2.03
2009030219 0.0417 2.03
2009030220 0.0417 2.03
2009030221 0.0417 2.03
2009030222 0.0417 2.03
2009030223 0.0417 2.03
2009030224 0.0417 2.03
2009030301 0.0417 2.03
2009030302 0.0417 2.03
2009030303 0.0417 2.03
2009030304 0.0417 2.03
2009030305 0.0417 2.03
2009030306 0.0417 2.03
2009030307 0.0417 2.03
2009030308 0.0417 2.03
2009030309 0.0417 2.03
2009030310 0.0417 2.03
2009030311 0.0417 2.03
2009030312 0.0417 2.03
2009030313 0.0417 2.03
2009030314 0.0417 2.03
2009030315 0.0417 2.03
2009030316 0.0417 2.03
2009030317 0.0417 2.03
2009030318 0.0417 2.03
2009030319 0.0417 1.78
2009030320 0.0417 1.86
2009030321 0.0417 1.86
2009030322 0.0417 1.86
2009030323 0.0417 2.00
2009030324 0.0417 2.00
2009030401 0.0417 2.03
2009030402 0.0417 2.03
2009030403 0.0417 1.92
2009030404 0.0417 2.01
2009030405 0.0417 1.89
2009030406 0.0417 1.89
2009030407 0.0417 1.92
2009030408 0.0417 1.97
2009030409 0.0417 1.95
2009030410 0.0417 1.95
2009030411 0.0417 2.04
2009030412 0.0417 2.00
2009030413 0.0417 2.04
2009030414 0.0417 2.04
2009030415 0.0417 2.01
2009030416 0.0417 1.95
2009030417 0.0417 1.97
2009030418 0.0417 1.97
2009030419 0.0417 2.01
2009030420 0.0417 2.01
2009030421 0.0417 2.00
2009030422 0.0417 2.00
2009030423 0.0417 2.03
2009030424 0.0417 2.00
2009030501 0.0417 2.01
2009030502 0.0417 2.00
2009030503 0.0417 2.00
2009030504 0.0417 1.89
2009030505 0.0417 1.92
2009030506 0.0417 1.92
2009030507 0.0417 1.93
2009030508 0.0417 1.86
2009030509 0.0417 1.93
2009030510 0.0417 1.93
2009030511 0.0417 2.02
2009030512 0.0417 2.12
2009030513 0.0417 2.11
2009030514 0.0417 2.11
2009030515 0.0417 1.94
2009030516 0.0417 1.98
2009030517 0.0417 1.98
2009030518 0.0417 1.92
2009030519 0.0417 1.97
2009030520 0.0417 1.97
2009030521 0.0417 2.00
2009030522 0.0417 2.00
2009030523 0.0417 2.01
2009030524 0.0417 2.01
2009030601 0.0417 1.88
2009030602 0.0417 1.88
2009030603 0.0417 1.86
2009030604 0.0417 1.79
2009030605 0.0417 1.79
2009030606 0.0417 1.79
2009030607 0.0417 1.81
2009030608 0.0417 1.81
2009030609 0.0417 1.93
2009030610 0.0417 2.02
2009030611 0.0417 2.16
2009030612 0.0417 2.25
2009030613 0.0417 2.29
2009030614 0.0417 2.35
2009030615 0.0417 2.43
2009030616 0.0417 2.64
2009030617 0.0417 2.65
2009030618 0.0417 2.56
2009030619 0.0417 2.47
2009030620 0.0417 2.57
2009030621 0.0417 2.58
2009030622 0.0417 2.77
2009030623 0.0417 2.88
2009030624 0.0417 2.77
2009030701 0.0417 2.64
2009030702 0.0417 2.59
2009030703 0.0417 2.59
2009030704 0.0417 2.42
2009030705 0.0417 2.20
2009030706 0.0417 2.17
2009030707 0.0417 2.18
2009030708 0.0417 2.18
2009030709 0.0417 2.07
2009030710 0.0417 2.31
2009030711 0.0417 2.43
2009030712 0.0417 2.39
2009030713 0.0417 2.34
2009030714 0.0417 2.33
2009030715 0.0417 2.39
2009030716 0.0417 2.32
2009030717 0.0417 2.20
2009030718 0.0417 2.13
2009030719 0.0417 2.11
2009030720 0.0417 2.11
2009030721 0.0417 2.06
2009030722 0.0417 2.02
2009030723 0.0417 2.09
2009030724 0.0417 2.06
2009030801 0.0417 2.06
2009030802 0.0417 2.02
2009030803 0.0417 2.00
2009030804 0.0417 1.91
2009030805 0.0417 1.91
2009030806 0.0417 1.84
2009030807 0.0417 1.86
2009030808 0.0417 1.86
2009030809 0.0417 2.06
2009030810 0.0417 2.07
2009030811 0.0417 2.04
2009030812 0.0417 2.04
2009030813 0.0417 2.14
2009030814 0.0417 2.18
2009030815 0.0417 2.04
2009030816 0.0417 1.90
2009030817 0.0417 1.85
2009030818 0.0417 1.79
2009030819 0.0417 1.81
2009030820 0.0417 1.81
2009030821 0.0417 1.78
2009030822 0.0417 2.01
2009030823 0.0417 2.01
2009030824 0.0417 1.93
2009030901 0.0417 1.81
2009030902 0.0417 1.86
2009030903 0.0417 1.86
2009030904 0.0417 1.90
2009030905 0.0417 1.93
2009030906 0.0417 1.95
2009030907 0.0417 1.95
2009030908 0.0417 1.95
2009030909 0.0417 1.88
2009030910 0.0417 1.88
2009030911 0.0417 2.06
2009030912 0.0417 2.21
2009030913 0.0417 2.21
2009030914 0.0417 2.19
2009030915 0.0417 1.91
2009030916 0.0417 2.06
2009030917 0.0417 2.11
2009030918 0.0417 2.11
2009030919 0.0417 2.17
2009030920 0.0417 2.01
2009030921 0.0417 2.01
2009030922 0.0417 1.85
2009030923 0.0417 1.95
2009030924 0.0417 1.96
2009031001 0.0417 1.96
2009031002 0.0417 1.95
2009031003 0.0417 2.04
2009031004 0.0417 2.01
2009031005 0.0417 2.01
2009031006 0.0417 1.97
2009031007 0.0417 2.01
2009031008 0.0417 2.04
2009031009 0.0417 2.04
2009031010 0.0417 2.04
2009031011 0.0417 2.19
2009031012 0.0417 2.19
2009031013 0.0417 2.15
2009031014 0.0417 2.12
2009031015 0.0417 2.07
2009031016 0.0417 2.04
2009031017 0.0417 2.04
2009031018 0.0417 2.03
2009031019 0.0417 2.00
2009031020 0.0417 1.98
2009031021 0.0417 1.98
2009031022 0.0417 1.88
2009031023 0.0417 1.89
2009031024 0.0417 1.89
2009031101 0.0417 1.89
2009031102 0.0417 1.92
2009031103 0.0417 1.97
2009031104 0.0417 2.01
2009031105 0.0417 2.01
2009031106 0.0417 2.03
2009031107 0.0417 2.01
2009031108 0.0417 2.04
2009031109 0.0417 2.04
2009031110 0.0417 2.07
2009031111 0.0417 2.07
2009031112 0.0417 2.15
2009031113 0.0417 2.17
2009031114 0.0417 2.17
2009031115 0.0417 2.08
2009031116 0.0417 2.07
2009031117 0.0417 2.07
2009031118 0.0417 2.06
2009031119 0.0417 1.97
2009031120 0.0417 1.96
2009031121 0.0417 1.96
2009031122 0.0417 1.99
2009031123 0.0417 1.97
2009031124 0.0417 1.97
2009031201 0.0417 1.89
2009031202 0.0417 1.96
2009031203 0.0417 2.11
2009031204 0.0417 2.19
2009031205 0.0417 2.17
2009031206 0.0417 2.34
2009031207 0.0417 2.37
2009031208 0.0417 2.28
2009031209 0.0417 2.19
2009031210 0.0417 2.19
2009031211 0.0417 2.06
2009031212 0.0417 1.91
2009031213 0.0417 1.90
2009031214 0.0417 1.73
2009031215 0.0417 1.64
2009031216 0.0417 1.61
2009031217 0.0417 1.52
2009031218 0.0417 1.36
2009031219 0.0417 1.31
2009031220 0.0417 1.31
2009031221 0.0417 1.06
2009031222 0.0417 1.06
2009031223 0.0417 1.06
2009031224 0.0417 0.98
2009031301 0.0417 0.95
2009031302 0.0417 0.95
2009031303 0.0417 0.95
2009031304 0.0417 0.88
2009031305 0.0417 0.88
2009031306 0.0417 0.91
2009031307 0.0417 0.91
2009031308 0.0417 1.05
2009031309 0.0417 1.15
2009031310 0.0417 1.15
2009031311 0.0417 1.31
2009031312 0.0417 1.31
2009031313 0.0417 1.52
2009031314 0.0417 1.68
2009031315 0.0417 1.68
2009031316 0.0417 1.79
2009031317 0.0417 1.83
2009031318 0.0417 1.91
2009031319 0.0417 1.91
2009031320 0.0417 1.81
2009031321 0.0417 1.78
2009031322 0.0417 1.78
2009031323 0.0417 1.85
2009031324 0.0417 1.88
2009031401 0.0417 1.88
2009031402 0.0417 1.85
2009031403 0.0417 1.96
2009031404 0.0417 2.14
2009031405 0.0417 2.29
2009031406 0.0417 2.59
2009031407 0.1114 2.90
2009031408 0.0994 2.90
2009031409 0.0537 3.36
2009031410 0.0424 3.26
2009031411 0.0417 3.34
2009031412 0.0417 3.66
2009031413 0.0417 3.75
2009031414 0.0417 4.06
2009031415 0.0417 3.98
2009031416 0.0417 4.13
2009031417 0.0417 4.13
2009031418 0.0417 3.99
2009031419 0.0417 4.09
2009031420 0.0417 4.12
2009031421 0.0417 4.11
2009031422 0.0417 4.63
2009031423 0.0417 5.69
2009031424 0.0417 4.54
2009031501 0.0417 3.73
2009031502 0.0417 3.07
2009031503 0.0417 2.53
2009031504 0.0417 2.45
2009031505 0.0417 2.32
2009031506 0.0417 2.17
2009031507 0.0417 2.15
2009031508 0.0417 2.42
2009031509 0.0417 2.28
2009031510 0.0417 2.46
2009031511 0.0417 2.40
2009031512 0.0417 2.65
2009031513 0.0417 2.57
2009031514 0.0417 2.57
2009031515 0.0417 2.23
2009031516 0.0417 2.32
2009031517 0.0417 2.34
2009031518 0.0417 2.34
2009031519 0.0417 2.22
2009031520 0.0417 2.22
2009031521 0.0417 2.22
2009031522 0.0417 2.17
2009031523 0.0417 2.06
2009031524 0.0417 2.06
2009031601 0.0417 2.06
2009031602 0.0417 2.09
2009031603 0.0417 2.12
2009031604 0.0417 2.11
2009031605 0.0417 2.11
2009031606 0.0417 2.15
2009031607 0.0417 2.17
2009031608 0.0417 2.15
2009031609 0.0417 2.15
2009031610 0.0417 2.15
2009031611 0.0417 2.14
2009031612 0.0417 2.12
2009031613 0.0417 2.12
2009031614 0.0417 2.09
2009031615 0.0417 2.09
2009031616 0.0417 2.04
2009031617 0.0417 2.04
2009031618 0.0417 2.06
2009031619 0.0417 2.06
2009031620 0.0417 2.04
2009031621 0.0417 2.04
2009031622 0.0417 2.09
2009031623 0.0417 2.09
2009031624 0.0417 2.09
2009031701 0.0417 1.97
2009031702 0.0417 2.00
2009031703 0.0417 2.04
2009031704 0.0417 2.04
2009031705 0.0417 2.01
2009031706 0.0417 2.03
2009031707 0.0417 2.15
2009031708 0.0417 2.15
2009031709 0.0417 2.03
2009031710 0.0417 2.01
2009031711 0.0417 2.00
2009031712 0.0417 2.00
2009031713 0.0417 1.97
2009031714 0.0417 1.98
2009031715 0.0417 1.98
2009031716 0.0417 2.03
2009031717 0.0417 2.04
2009031718 0.0417 2.07
2009031719 0.0417 2.62
2009031720 0.0417 2.20
2009031721 0.0417 1.31
2009031722 0.0417 1.31
2009031723 0.0417 1.44
2009031724 0.0417 2.49
2009031801 0.0417 2.08
2009031802 0.0417 2.19
2009031803 0.0417 2.28
2009031804 0.0417 0.00
2009031805 0.0417 1.59
2009031806 0.0417 1.59
2009031807 0.0417 1.55
2009031808 0.0417 1.55
2009031809 0.0417 3.73
2009031810 0.0417 3.19
2009031811 0.0417 0.00
2009031812 0.0417 3.02
2009031813 0.0417 0.00
2009031814 0.0417 3.17
2009031815 0.0417 3.07
2009031816 0.0417 2.95
2009031817 0.0417 2.88
2009031818 0.0417 0.00
2009031819 0.0417 2.93
2009031820 0.0417 0.00
2009031821 0.0417 1.50
2009031822 0.2255 1.86
2009031823 0.0417 4.07
2009031824 0.0417 2.32
2009031901 0.0417 0.00
2009031902 0.0713 4.08
2009031903 0.0417 3.47
2009031904 0.0417 5.32
2009031905 0.0417 0.00
2009031906 0.3396 1.01
2009031907 1.1128 1.31
2009031908 0.8417 2.29
2009031909 0.8304 2.71
2009031910 1.2163 3.95
2009031911 1.1417 3.29
2009031912 1.3417 3.62
2009031913 1.3417 2.74
2009031914 1.4361 2.64
2009031915 0.5065 2.52
2009031916 0.1621 3.74
2009031917 0.0649 4.05
2009031918 0.0523 4.31
2009031919 0.0417 4.43
2009031920 0.0417 4.69
2009031921 0.0417 5.02
2009031922 0.0417 5.43
2009031923 0.0417 5.73
2009031924 0.0417 5.01
2009032001 0.0417 4.93
2009032002 0.0417 5.19
2009032003 0.0417 5.63
2009032004 0.0417 5.22
2009032005 0.0417 4.93
2009032006 0.0417 4.83
2009032007 0.0417 4.72
2009032008 0.0417 4.72
2009032009 0.0417 4.67
2009032010 0.0417 4.17
2009032011 0.0417 4.53
2009032012 0.0417 4.51
2009032013 0.0417 4.39
2009032014 0.0417 4.20
2009032015 0.0417 3.66
2009032016 0.0417 3.77
2009032017 0.0417 3.77
2009032018 0.0417 3.88
2009032019 0.0417 3.61
2009032020 0.0417 3.57
2009032021 0.0417 3.57
2009032022 0.0417 3.53
2009032023 0.0417 3.34
2009032024 0.0417 3.45
2009032101 0.0417 3.36
2009032102 0.0417 4.38
2009032103 0.0417 2.33
2009032104 0.0417 2.28
2009032105 0.0417 2.28
2009032106 0.0417 2.39
2009032107 0.0417 3.15
2009032108 0.0417 3.17
2009032109 0.0417 3.72
2009032110 0.0417 1.52
2009032111 0.0417 1.73
2009032112 0.0417 2.25
2009032113 0.0417 2.28
2009032114 0.0418 2.34
2009032115 0.0419 2.56
2009032116 0.0419 2.87
2009032117 0.0419 2.89
2009032118 0.0419 2.87
2009032119 0.0419 2.72
2009032120 0.0419 0.00
2009032121 0.0419 2.23
2009032122 0.0419 2.16
2009032123 0.0419 2.23
2009032124 0.0419 2.87
2009032201 0.0419 3.03
2009032202 0.0419 2.94
2009032203 0.0419 2.97
2009032204 0.0418 1.77
2009032205 0.0418 1.90
2009032206 0.0418 2.03
2009032207 0.0418 2.15
2009032208 0.0418 2.24
2009032209 0.0418 2.38
2009032210 0.0418 2.69
2009032211 0.0418 2.69
2009032212 0.0418 2.67
2009032213 0.0418 2.67
2009032214 0.0418 2.67
2009032215 0.0418 2.69
2009032216 0.0425 2.71
2009032217 0.0418 2.76
2009032218 0.0418 3.12
2009032219 0.0418 1.27
2009032220 0.0657 0.00
2009032221 0.0432 1.51
2009032222 0.0446 1.95
2009032223 0.0474 2.94
2009032224 0.0418 3.41
2009032301 0.0418 2.92
2009032302 0.0671 0.00
2009032303 0.0418 2.19
2009032304 0.0418 3.84
2009032305 0.0418 3.45
2009032306 0.0418 2.90
2009032307 0.0418 2.74
2009032308 0.0418 3.73
2009032309 0.0418 3.53
2009032310 0.0418 3.66
2009032311 0.0418 4.42
2009032312 0.0418 4.79
2009032313 0.0417 2.52
2009032314 0.0417 3.73
2009032315 0.0417 3.26
2009032316 0.0417 3.53
2009032317 0.0417 3.35
2009032318 0.0417 3.30
2009032319 0.0417 4.55
2009032320 0.0417 2.30
2009032321 0.0417 2.13
2009032322 0.0417 2.36
2009032323 0.0417 2.94
2009032324 0.0417 4.65
2009032401 0.0417 1.77
2009032402 0.0417 2.16
2009032403 0.0417 3.04
2009032404 0.0417 2.88
2009032405 0.0417 3.08
2009032406 0.0417 3.22
2009032407 0.0417 3.07
2009032408 0.0417 3.07
2009032409 0.0417 3.46
2009032410 0.0417 0.00
2009032411 0.0417 3.55
2009032412 0.0417 2.77
2009032413 0.0417 0.89
2009032414 0.0417 2.56
2009032415 0.0417 2.37
2009032416 0.0417 2.48
2009032417 0.0417 2.68
2009032418 0.0417 2.84
2009032419 0.0417 1.66
2009032420 0.0417 3.62
2009032421 0.0417 2.40
2009032422 0.0417 2.44
2009032423 0.0417 2.20
2009032424 0.0417 2.18
2009032501 0.0417 2.73
2009032502 0.0417 2.85
2009032503 0.0417 2.73
2009032504 0.0417 2.64
2009032505 0.0417 2.72
2009032506 0.0417 2.72
2009032507 0.0417 2.68
2009032508 0.0417 2.73
2009032509 0.0417 2.64
2009032510 0.0417 2.55
2009032511 0.0417 3.20
2009032512 0.0417 1.57
2009032513 0.0417 0.92
2009032514 0.0417 3.38
2009032515 0.0417 3.76
2009032516 0.0417 0.62
2009032517 0.0417 1.71
2009032518 0.0417 5.43
2009032519 0.0417 3.10
2009032520 0.0417 4.12
2009032521 0.0417 3.02
2009032522 0.0417 2.64
2009032523 0.0417 1.83
2009032524 0.0417 2.97
2009032601 0.0417 0.00
2009032602 0.0417 4.62
2009032603 0.0417 5.54
2009032604 0.0417 2.43
2009032605 0.0417 0.76
2009032606 0.0417 0.76
2009032607 0.0417 0.76
2009032608 0.0417 0.76
2009032609 0.0417 0.76
2009032610 0.0417 0.76
2009032611 0.0417 0.76
2009032612 0.0417 0.76
2009032613 0.0417 0.76
2009032614 0.0417 0.76
2009032615 0.0417 3.17
2009032616 0.0417 2.33
2009032617 0.0417 2.29
2009032618 0.0417 4.55
2009032619 0.0417 1.75
2009032620 0.0417 1.17
2009032621 0.0417 4.21
2009032622 0.0417 3.02
2009032623 0.0417 1.16
2009032624 0.0417 3.38
2009032701 0.0417 0.30
2009032702 0.0417 4.49
2009032703 0.0417 4.03
2009032704 0.0417 1.29
2009032705 0.0417 2.81
2009032706 0.0417 0.81
2009032707 0.0417 2.64
2009032708 0.0417 2.38
2009032709 0.0417 2.33
2009032710 0.0417 3.47
2009032711 0.0417 4.31
2009032712 0.0417 1.88
2009032713 0.0417 3.18
2009032714 0.0417 1.40
2009032715 0.0417 1.30
2009032716 0.0417 1.98
2009032717 0.0417 0.73
2009032718 0.0417 2.08
2009032719 0.0417 1.95
2009032720 0.0417 1.67
2009032721 0.0417 0.81
2009032722 0.0417 0.73
2009032723 0.0417 2.06
2009032724 0.0417 2.50
2009032801 0.0417 2.09
2009032802 0.0417 4.60
2009032803 0.0417 1.98
2009032804 0.0417 0.00
2009032805 0.0417 2.26
2009032806 0.0417 2.56
2009032807 0.0417 2.61
2009032808 0.0417 1.24
2009032809 0.0417 1.31
2009032810 0.0417 0.00
2009032811 0.0417 1.95
2009032812 0.0417 1.19
2009032813 0.0417 1.47
2009032814 0.0417 2.42
2009032815 0.0417 2.18
2009032816 0.0417 2.53
2009032817 0.0417 2.68
2009032818 0.0417 2.81
2009032819 0.0417 2.46
2009032820 0.0417 2.22
2009032821 0.0417 0.61
2009032822 0.0417 1.09
2009032823 0.0417 2.26
2009032824 0.0417 2.17
2009032901 0.0417 4.46
2009032902 0.0417 2.70
2009032903 0.0417 2.61
2009032904 0.0417 2.42
2009032905 0.0417 0.55
2009032906 0.0417 2.36
2009032907 0.0417 1.98
2009032908 0.0417 1.78
2009032909 0.0417 2.26
2009032910 0.0417 2.42
2009032911 0.0417 2.37
2009032912 0.0432 2.37
2009032913 0.0604 2.31
2009032914 0.0767 2.28
2009032915 0.0748 2.29
2009032916 0.0728 2.38
2009032917 0.071 2.25
2009032918 0.0694 2.36
2009032919 0.0679 0.94
2009032920 0.0665 0.44
2009032921 0.0652 0.97
2009032922 0.064 1.22
2009032923 0.0629 1.34
2009032924 0.0618 3.07
2009033001 0.0608 0.25
2009033002 0.0599 2.90
2009033003 0.059 2.65
2009033004 0.0582 2.98
2009033005 0.0575 2.65
2009033006 0.0568 3.04
2009033007 0.0561 0.00
2009033008 0.0555 1.67
2009033009 0.0549 3.00
2009033010 0.0543 3.48
2009033011 0.0538 3.82
2009033012 0.0533 3.82
2009033013 0.0528 2.17
2009033014 0.0524 4.24
2009033015 0.0519 3.40
2009033016 0.0515 1.81
2009033017 0.0511 1.40
2009033018 0.0508 2.40
2009033019 0.0504 3.17
2009033020 0.0501 3.85
2009033021 0.0497 3.78
2009033022 0.0494 0.66
2009033023 0.0491 1.70
2009033024 0.0488 2.79
2009033101 0.0485 0.37
2009033102 0.0483 2.92
2009033103 0.048 2.75
2009033104 0.0478 1.20
2009033105 0.0476 2.17
2009033106 0.0474 1.89
2009033107 0.0471 2.26
2009033108 0.0469 2.15
2009033109 0.0468 2.53
2009033110 0.0466 3.85
2009033111 0.0464 4.18
2009033112 0.0462 4.21
2009033113 0.0461 0.90
2009033114 0.0462 3.95
2009033115 0.049 2.50
2009033116 0.0578 0.98
2009033117 0.0569 1.89
2009033118 0.0561 2.39
2009033119 0.0554 1.29
2009033120 0.0547 4.01
2009033121 0.054 1.31
2009033122 0.0534 2.00
2009033123 0.0529 1.61
2009033124 0.0523 2.29
2009040101 0.0521 1.64
2009040102 0.0516 2.43
2009040103 0.0512 1.89
2009040104 0.0507 1.61
2009040105 0.0503 2.11
2009040106 0.05 1.53
2009040107 0.0496 2.17
2009040108 0.0493 1.73
2009040109 0.0489 2.82
2009040110 0.0486 2.01
2009040111 0.0483 2.76
2009040112 0.0481 1.48
2009040113 0.0478 2.25
2009040114 0.0478 2.61
2009040115 0.0475 2.84
2009040116 0.0473 3.20
2009040117 0.0471 2.79
2009040118 0.0469 2.82
2009040119 0.0467 2.81
2009040120 0.0465 2.36
2009040121 0.0463 3.65
2009040122 0.0461 0.89
2009040123 0.046 2.25
2009040124 0.0458 3.67
2009040201 0.0457 2.81
2009040202 0.0456 3.18
2009040203 0.0454 3.18
2009040204 0.0453 2.98
2009040205 0.0451 0.87
2009040206 0.045 1.70
2009040207 0.0449 2.10
2009040208 0.0448 1.87
2009040209 0.0447 2.18
2009040210 0.0446 0.48
2009040211 0.0444 1.19
2009040212 0.0512 1.67
2009040213 0.0789 3.95
2009040214 0.1056 0.73
2009040215 0.1226 0.98
2009040216 0.1256 1.92
2009040217 0.121 2.67
2009040218 0.1167 2.39
2009040219 0.1127 3.40
2009040220 0.109 2.46
2009040221 0.1056 2.13
2009040222 0.1023 0.64
2009040223 0.0993 2.39
2009040224 0.0965 2.41
2009040301 0.0947 1.98
2009040302 0.0921 4.01
2009040303 0.0897 2.24
2009040304 0.0874 5.13
2009040305 0.0852 0.15
2009040306 0.0832 1.39
2009040307 0.0813 1.77
2009040308 0.0795 2.54
2009040309 0.0778 2.95
2009040310 0.0762 3.95
2009040311 0.0777 1.59
2009040312 0.1067 1.77
2009040313 0.2532 1.86
2009040314 0.2111 2.54
2009040315 0.5746 2.49
2009040316 0.3736 3.37
2009040317 0.2636 4.09
2009040318 0.2355 3.84
2009040319 0.2256 4.16
2009040320 0.2164 4.32
2009040321 0.2079 2.13
2009040322 0.1998 3.30
2009040323 0.1923 3.49
2009040324 0.1852 3.79
2009040401 0.1812 3.83
2009040402 0.1747 3.62
2009040403 0.1686 1.13
2009040404 0.1628 3.22
2009040405 0.1574 3.18
2009040406 0.1523 3.65
2009040407 0.1474 3.47
2009040408 0.1428 3.53
2009040409 0.1384 3.28
2009040410 0.1343 3.67
2009040411 0.1305 2.23
2009040412 0.2306 2.33
2009040413 0.3313 2.75
2009040414 0.2313 3.36
2009040415 0.2242 3.28
2009040416 0.1661 3.34
2009040417 0.1628 3.45
2009040418 0.1551 4.18
2009040419 0.1497 2.00
2009040420 0.1447 0.80
2009040421 0.14 3.22
2009040422 0.1356 3.30
2009040423 0.1314 3.79
2009040424 0.1275 3.71
2009040501 0.1248 3.75
2009040502 0.1212 3.68
2009040503 0.1178 3.71
2009040504 0.1145 3.64
2009040505 0.1114 3.62
2009040506 0.1085 3.51
2009040507 0.1057 3.47
2009040508 0.1031 3.41
2009040509 0.1217 3.30
2009040510 0.1172 3.28
2009040511 0.0959 3.35
2009040512 0.0937 3.37
2009040513 0.1031 3.41
2009040514 0.1535 3.41
2009040515 0.2099 3.47
2009040516 0.2309 3.35
2009040517 0.2209 3.51
2009040518 0.2116 3.62
2009040519 0.203 3.64
2009040520 0.1949 3.75
2009040521 0.1874 4.10
2009040522 0.1804 3.90
2009040523 0.1738 3.72
2009040524 0.1676 3.79
2009040601 0.1618 3.81
2009040602 0.1563 3.68
2009040603 0.1511 3.77
2009040604 0.1463 3.58
2009040605 0.1417 3.60
2009040606 0.1373 3.66
2009040607 0.1332 3.56
2009040608 0.1292 3.64
2009040609 0.1255 4.30
2009040610 0.122 2.56
2009040611 0.1186 2.02
2009040612 0.1155 4.51
2009040613 0.1173 2.88
2009040614 0.1632 4.05
2009040615 0.1822 4.32
2009040616 0.1809 1.68
2009040617 0.1742 2.96
2009040618 0.168 3.68
2009040619 0.1621 5.00
2009040620 0.1566 3.84
2009040621 0.1515 2.70
2009040622 0.1466 2.94
2009040623 0.142 4.08
2009040624 0.1377 4.01
2009040701 0.1348 4.01
2009040702 0.1308 4.50
2009040703 0.1271 2.07
2009040704 0.1235 2.61
2009040705 0.1201 4.09
2009040706 0.1168 3.92
2009040707 0.1138 3.71
2009040708 0.1108 3.41
2009040709 0.108 3.37
2009040710 0.1054 3.22
2009040711 0.1028 3.41
2009040712 0.1004 3.35
2009040713 0.1166 3.64
2009040714 0.1512 3.86
2009040715 0.1804 4.66
2009040716 0.1748 1.96
2009040717 0.1682 3.48
2009040718 0.162 4.06
2009040719 0.1561 5.04
2009040720 0.1507 4.25
2009040721 0.1456 2.75
2009040722 0.1408 3.78
2009040723 0.1363 4.50
2009040724 0.132 4.52
2009040801 0.1298 4.37
2009040802 0.1258 4.68
2009040803 0.1221 4.60
2009040804 0.1186 3.42
2009040805 0.1152 3.43
2009040806 0.1121 3.98
2009040807 0.1091 4.07
2009040808 0.1062 3.84
2009040809 0.1035 4.66
2009040810 0.1009 4.62
2009040811 0.0998 2.10
2009040812 0.0974 5.11
2009040813 0.0951 2.41
2009040814 0.0929 2.50
2009040815 0.0936 4.04
2009040816 0.0936 3.90
2009040817 0.0916 4.30
2009040818 0.0894 4.10
2009040819 0.0875 5.27
2009040820 0.0856 5.14
2009040821 0.0838 3.57
2009040822 0.082 3.50
2009040823 0.0804 4.73
2009040824 0.0789 4.09
2009040901 0.0779 3.68
2009040902 0.0764 5.42
2009040903 0.075 5.04
2009040904 0.0737 4.47
2009040905 0.0724 2.57
2009040906 0.0712 3.33
2009040907 0.0701 4.08
2009040908 0.069 3.95
2009040909 0.0679 2.71
2009040910 0.0835 2.97
2009040911 0.1571 3.86
2009040912 0.2479 3.95
2009040913 0.3512 4.17
2009040914 0.5825 4.22
2009040915 0.467 4.60
2009040916 0.7361 5.10
2009040917 0.525 5.42
2009040918 0.4394 6.12
2009040919 0.3976 7.71
2009040920 0.3796 4.21
2009040921 0.3627 7.95
2009040922 0.347 6.84
2009040923 0.4561 7.12
2009040924 0.3183 7.12
2009041001 0.4647 6.55
2009041002 0.4698 7.57
2009041003 0.4194 4.74
2009041004 0.4472 3.94
2009041005 0.4024 4.20
2009041006 0.2921 5.29
2009041007 0.4556 6.23
2009041008 0.5872 5.91
2009041009 0.7158 5.84
2009041010 0.6829 5.63
2009041011 0.9169 7.07
2009041012 0.9417 4.68
2009041013 0.773 4.19
2009041014 0.7991 6.89
2009041015 0.9402 6.43
2009041016 0.4745 8.53
2009041017 0.3666 8.71
2009041018 0.3244 10.33
2009041019 0.3086 10.40
2009041020 0.2941 12.00
2009041021 0.2806 10.28
2009041022 0.2681 11.28
2009041023 0.2564 10.07
2009041024 0.2455 10.19
2009041101 0.2436 10.21
2009041102 0.2333 9.77
2009041103 0.2236 9.56
2009041104 0.2145 7.87
2009041105 0.206 8.70
2009041106 0.198 8.69
2009041107 0.1904 6.42
2009041108 0.1833 8.47
2009041109 0.1765 9.55
2009041110 0.1705 7.39
2009041111 0.2077 7.28
2009041112 0.2988 9.29
2009041113 0.4095 5.57
2009041114 0.5038 8.41
2009041115 0.57 8.46
2009041116 0.584 9.63
2009041117 0.5534 9.35
2009041118 0.5252 11.28
2009041119 0.499 10.28
2009041120 0.4748 10.12
2009041121 0.4522 12.35
2009041122 0.4311 8.65
2009041123 0.4114 10.87
2009041124 0.393 9.95
2009041201 0.3862 10.99
2009041202 0.3688 7.06
2009041203 0.3524 9.48
2009041204 0.3371 9.23
2009041205 0.3226 8.51
2009041206 0.309 8.49
2009041207 0.2962 8.38
2009041208 0.2841 7.97
2009041209 0.2726 9.07
2009041210 0.2618 6.60
2009041211 0.2516 7.35
2009041212 0.2542 8.27
2009041213 0.3192 9.28
2009041214 0.3818 4.64
2009041215 0.421 9.41
2009041216 0.4251 9.31
2009041217 0.4047 10.19
2009041218 0.385 11.65
2009041219 0.3667 12.15
2009041220 0.3497 11.50
2009041221 0.3339 12.09
2009041222 0.3191 10.31
2009041223 0.3052 11.65
2009041224 0.2923 13.85
2009041301 0.2869 12.15
2009041302 0.2745 10.81
2009041303 0.2629 11.11
2009041304 0.252 8.41
2009041305 0.2418 10.07
2009041306 0.2321 10.41
2009041307 0.2231 6.84
2009041308 0.2145 9.58
2009041309 0.2064 9.99
2009041310 0.2121 9.59
2009041311 0.3358 9.94
2009041312 0.4604 8.82
2009041313 0.5806 9.18
2009041314 0.6629 13.03
2009041315 0.7285 14.67
2009041316 0.7281 18.17
2009041317 0.6873 19.86
2009041318 0.6493 22.26
2009041319 0.6142 23.02
2009041320 0.5819 23.19
2009041321 0.5522 21.45
2009041322 0.5247 20.08
2009041323 0.4992 18.84
2009041324 0.4754 19.15
2009041401 0.4769 17.88
2009041402 0.4535 17.16
2009041403 0.4317 16.90
2009041404 0.4113 15.77
2009041405 0.3922 15.67
2009041406 0.3743 15.12
2009041407 0.3575 10.85
2009041408 0.3417 14.18
2009041409 0.3268 14.44
2009041410 0.3162 14.35
2009041411 0.3534 13.87
2009041412 0.4622 13.97
2009041413 0.6 14.01
2009041414 0.6945 15.54
2009041415 0.7464 18.53
2009041416 0.7451 20.60
2009041417 0.7056 20.60
2009041418 0.6638 22.33
2009041419 0.6252 22.48
2009041420 0.5902 21.76
2009041421 0.5581 21.76
2009041422 0.5286 20.42
2009041423 0.5014 18.23
2009041424 0.4762 18.23
2009041501 0.4646 17.63
2009041502 0.4411 16.85
2009041503 0.4425 16.38
2009041504 0.4433 15.65
2009041505 0.418 16.01
2009041506 0.4242 15.89
2009041507 0.4096 14.95
2009041508 0.3299 14.18
2009041509 0.3152 11.68
2009041510 0.3023 13.87
2009041511 0.465 14.08
2009041512 0.3084 14.08
2009041513 0.3183 13.98
2009041514 0.3376 14.08
2009041515 0.3777 8.33
2009041516 0.3706 13.04
2009041517 0.3673 15.99
2009041518 0.3471 15.93
2009041519 0.3269 15.53
2009041520 0.3088 16.84
2009041521 0.2924 15.69
2009041522 0.2774 16.28
2009041523 0.2637 15.81
2009041524 0.2511 13.28
2009041601 0.2428 15.07
2009041602 0.2316 15.41
2009041603 0.2212 14.36
2009041604 0.2114 14.25
2009041605 0.2023 13.21
2009041606 0.1938 13.31
2009041607 0.1859 13.97
2009041608 0.1784 13.21
2009041609 0.1713 13.21
2009041610 0.1647 12.41
2009041611 0.1668 12.50
2009041612 0.2319 12.50
2009041613 0.32 10.95
2009041614 0.3879 13.19
2009041615 0.3832 12.56
2009041616 0.3579 13.01
2009041617 0.3357 12.51
2009041618 0.316 13.81
2009041619 0.2984 13.81
2009041620 0.2825 13.11
2009041621 0.2679 13.61
2009041622 0.2546 13.07
2009041623 0.2424 12.71
2009041624 0.231 12.67
2009041701 0.227 12.29
2009041702 0.2165 12.06
2009041703 0.2067 11.65
2009041704 0.1976 10.27
2009041705 0.1891 10.72
2009041706 0.1811 12.95
2009041707 0.1737 12.17
2009041708 0.1667 10.63
2009041709 0.1601 11.00
2009041710 0.1539 10.63
2009041711 0.1575 9.16
2009041712 0.2212 10.85
2009041713 0.3364 9.68
2009041714 0.4396 12.31
2009041715 0.4954 11.25
2009041716 0.4605 12.41
2009041717 0.4298 11.17
2009041718 0.4027 14.07
2009041719 0.3786 14.29
2009041720 0.3568 12.63
2009041721 0.3371 14.29
2009041722 0.319 14.86
2009041723 0.3025 14.02
2009041724 0.2872 13.41
2009041801 0.2796 13.40
2009041802 0.2657 13.49
2009041803 0.2528 12.54
2009041804 0.2407 11.98
2009041805 0.2295 11.82
2009041806 0.2191 12.23
2009041807 0.2093 9.45
2009041808 0.2001 12.26
2009041809 0.1915 12.67
2009041810 0.1834 11.51
2009041811 0.1759 12.09
2009041812 0.1687 9.75
2009041813 0.162 9.60
2009041814 0.1557 12.82
2009041815 0.1498 10.26
2009041816 0.1441 11.66
2009041817 0.1389 9.97
2009041818 0.1339 11.78
2009041819 0.1292 12.11
2009041820 0.1247 12.15
2009041821 0.1205 11.07
2009041822 0.1165 12.29
2009041823 0.1184 11.95
2009041824 0.1282 13.18
2009041901 0.1061 10.57
2009041902 0.1029 11.45
2009041903 0.0998 11.81
2009041904 0.0969 9.90
2009041905 0.0942 9.17
2009041906 0.0916 12.31
2009041907 0.0892 9.97
2009041908 0.0869 12.08
2009041909 0.0847 9.77
2009041910 0.0826 9.91
2009041911 0.0849 10.15
2009041912 0.1104 9.17
2009041913 0.1765 9.91
2009041914 0.23 8.10
2009041915 0.2819 11.97
2009041916 0.2603 9.39
2009041917 0.2418 11.92
2009041918 0.226 13.18
2009041919 0.2123 8.92
2009041920 0.2002 13.38
2009041921 0.1894 13.67
2009041922 0.1797 13.56
2009041923 0.1708 11.24
2009041924 0.1627 11.92
2009042001 0.156 14.47
2009042002 0.149 12.41
2009042003 0.1426 11.98
2009042004 0.1366 11.64
2009042005 0.1311 11.62
2009042006 0.126 11.97
2009042007 0.1212 9.95
2009042008 0.1167 10.26
2009042009 0.1126 12.46
2009042010 0.1221 9.38
2009042011 0.2257 11.73
2009042012 0.3494 9.68
2009042013 0.4816 8.36
2009042014 0.593 14.01
2009042015 0.6485 11.92
2009042016 0.62 13.81
2009042017 0.5784 13.86
2009042018 0.5384 15.91
2009042019 0.5028 17.50
2009042020 0.4711 17.08
2009042021 0.4426 15.99
2009042022 0.4168 15.95
2009042023 0.3932 16.33
2009042024 0.3715 17.02
2009042101 0.3451 12.65
2009042102 0.3269 14.26
2009042103 0.3101 14.14
2009042104 0.2946 13.91
2009042105 0.2802 15.92
2009042106 0.2668 11.91
2009042107 0.2543 14.31
2009042108 0.2427 13.91
2009042109 0.2888 11.97
2009042110 0.3736 14.61
2009042111 0.2239 12.92
2009042112 0.2387 12.21
2009042113 0.2071 13.91
2009042114 0.2175 13.70
2009042115 0.221 13.21
2009042116 0.3384 13.39
2009042117 0.4772 11.70
2009042118 0.3283 12.33
2009042119 0.5069 15.52
2009042120 0.2779 13.41
2009042121 0.3464 12.12
2009042122 0.5402 13.18
2009042123 0.4409 13.91
2009042124 1.9091 16.51
2009042201 1.8727 15.81
2009042202 1.1354 18.23
2009042203 0.4875 21.45
2009042204 2.5569 26.45
2009042205 0.118 33.45
2009042206 0.2854 34.26
2009042207 0.1141 38.64
2009042208 0.1308 38.64
2009042209 0.5633 36.32
2009042210 0.3149 34.37
2009042211 0.3989 34.50
2009042212 0.3955 32.62
2009042213 0.5612 31.71
2009042214 0.5779 31.86
2009042215 0.7032 32.12
2009042216 0.6823 32.30
2009042217 0.6468 31.85
2009042218 0.6041 31.86
2009042219 0.6272 32.02
2009042220 0.5269 31.68
2009042221 0.4898 30.44
2009042222 0.5506 30.30
2009042223 0.4291 30.30
2009042224 0.4034 27.91
2009042301 0.3915 28.51
2009042302 0.3558 27.91
2009042303 0.3366 26.67
2009042304 0.3195 25.72
2009042305 0.3024 25.94
2009042306 0.2871 25.06
2009042307 0.2729 24.08
2009042308 0.2597 23.76
2009042309 0.2526 24.56
2009042310 0.2551 23.34
2009042311 0.2814 22.78
2009042312 0.3375 22.78
2009042313 0.358 21.62
2009042314 0.4467 21.83
2009042315 0.4853 21.83
2009042316 0.4447 21.83
2009042317 0.4106 21.83
2009042318 0.3826 21.83
2009042319 0.3585 21.83
2009042320 0.3372 21.83
2009042321 0.3181 20.69
2009042322 0.3007 20.69
2009042323 0.2848 19.58
2009042324 0.2702 19.25
2009042401 0.2576 19.77
2009042402 0.245 19.77
2009042403 0.2333 18.91
2009042404 0.2224 17.46
2009042405 0.2123 18.52
2009042406 0.2028 17.40
2009042407 0.1939 17.56
2009042408 0.1856 17.16
2009042409 0.1781 16.75
2009042410 0.2174 16.60
2009042411 0.3151 16.60
2009042412 0.3931 16.45
2009042413 0.5166 16.60
2009042414 0.6172 17.16
2009042415 0.6688 18.29
2009042416 0.6442 19.40
2009042417 0.59 20.89
2009042418 0.547 20.89
2009042419 0.5105 19.92
2009042420 0.4784 20.50
2009042421 0.4497 20.50
2009042422 0.4237 20.50
2009042423 0.4001 19.77
2009042424 0.3783 18.35
2009042501 0.3597 17.30
2009042502 0.341 18.46
2009042503 0.3237 17.88
2009042504 0.3076 17.72
2009042505 0.2926 17.16
2009042506 0.2786 16.75
2009042507 0.2655 16.75
2009042508 0.2533 16.30
2009042509 0.2419 15.89
2009042510 0.2311 15.89
2009042511 0.2273 15.77
2009042512 0.253 15.77
2009042513 0.3556 15.47
2009042514 0.3847 12.32
2009042515 0.3616 16.04
2009042516 0.3798 16.03
2009042517 0.3566 15.75
2009042518 0.3303 16.75
2009042519 0.3081 15.90
2009042520 0.2891 17.03
2009042521 0.2724 16.60
2009042522 0.2575 13.71
2009042523 0.244 15.99
2009042524 0.2316 16.45
2009042601 0.1887 15.63
2009042602 0.1822 13.90
2009042603 0.1761 15.73
2009042604 0.1702 15.73
2009042605 0.1646 15.86
2009042606 0.1593 15.60
2009042607 0.1542 15.27
2009042608 0.1494 15.60
2009042609 0.1447 14.94
2009042610 0.1403 14.60
2009042611 0.1361 14.85
2009042612 0.1321 14.61
2009042613 0.1282 14.72
2009042614 0.1246 11.39
2009042615 0.121 14.61
2009042616 0.1177 14.14
2009042617 0.1145 14.84
2009042618 0.1114 15.41
2009042619 0.1085 12.31
2009042620 0.1057 13.41
2009042621 0.103 13.18
2009042622 0.1005 12.12
2009042623 0.098 12.81
2009042624 0.0957 13.60
2009042701 0.0918 12.61
2009042702 0.0898 12.51
2009042703 0.0878 12.41
2009042704 0.086 10.93
2009042705 0.0842 11.92
2009042706 0.0825 12.10
2009042707 0.0809 12.10
2009042708 0.0794 11.55
2009042709 0.0779 11.72
2009042710 0.0764 11.55
2009042711 0.0752 11.92
2009042712 0.0891 11.03
2009042713 0.1494 8.96
2009042714 0.2113 11.55
2009042715 0.2498 11.55
2009042716 0.2525 11.46
2009042717 0.2409 11.21
2009042718 0.2301 10.69
2009042719 0.2199 11.00
2009042720 0.2104 10.64
2009042721 0.2015 11.03
2009042722 0.1932 10.19
2009042723 0.1854 9.31
2009042724 0.178 10.48
2009042801 0.1781 10.63
2009042802 0.171 10.63
2009042803 0.1643 10.63
2009042804 0.158 10.48
2009042805 0.1521 10.26
2009042806 0.1465 10.12
2009042807 0.1412 9.66
2009042808 0.1362 9.66
2009042809 0.1316 9.98
2009042810 0.1348 9.98
2009042811 0.2071 9.37
2009042812 0.2982 10.34
2009042813 0.3968 10.26
2009042814 0.472 10.19
2009042815 0.5019 9.59
2009042816 0.4784 10.85
2009042817 0.4545 10.48
2009042818 0.4321 10.80
2009042819 0.4112 9.60
2009042820 0.3916 10.72
2009042821 0.3733 10.19
2009042822 0.356 10.26
2009042823 0.3398 10.41
2009042824 0.3245 9.43
2009042901 0.3288 9.63
2009042902 0.3133 10.33
2009042903 0.2988 9.96
2009042904 0.2852 9.96
2009042905 0.2724 8.91
2009042906 0.2604 9.95
2009042907 0.249 9.96
2009042908 0.2383 10.87
2009042909 0.2847 9.52
2009042910 1.3641 9.21
2009042911 1.0608 9.21
2009042912 0.9805 9.37
2009042913 0.6163 9.17
2009042914 0.719 9.43
2009042915 0.7753 9.60
2009042916 0.7898 11.34
2009042917 0.7575 12.03
2009042918 0.7192 12.64
2009042919 0.6814 13.89
2009042920 0.646 13.49
2009042921 0.613 12.59
2009042922 0.582 12.49
2009042923 0.5529 11.83
2009042924 0.5256 12.01
2009043001 0.5282 11.64
2009043002 0.5002 11.04
2009043003 0.474 11.62
2009043004 0.4496 11.11
2009043005 0.4269 11.66
2009043006 0.4056 11.95
2009043007 0.3857 9.97
2009043008 0.3671 12.39
2009043009 0.3592 12.12
2009043010 0.4127 10.48
2009043011 0.5405 10.63
2009043012 0.685 11.34
2009043013 0.8449 10.18
2009043014 0.9705 15.02
2009043015 1.0474 14.33
2009043016 1.0205 17.58
2009043017 0.9689 19.51
2009043018 0.9133 21.61
2009043019 0.8615 23.00
2009043020 0.8135 23.86
2009043021 0.7689 22.84
2009043022 0.7275 21.66
2009043023 0.6888 22.22
2009043024 0.6528 19.80
2009050101 0.6496 19.62
2009050102 0.6134 19.15
2009050103 0.5799 19.15
2009050104 0.5488 18.23
2009050105 0.5199 17.62
2009050106 0.4929 17.03
2009050107 0.4678 18.21
2009050108 0.4447 15.60
2009050109 0.459 16.51
2009050110 0.5524 18.49
2009050111 0.7296 16.40
2009050112 0.9011 16.59
2009050113 1.0708 18.86
2009050114 1.2111 22.60
2009050115 1.293 25.55
2009050116 1.2807 29.24
2009050117 1.2262 29.58
2009050118 1.1525 30.90
2009050119 1.0791 30.94
2009050120 1.0122 31.04
2009050121 0.951 30.40
2009050122 0.8948 29.48
2009050123 0.843 27.74
2009050124 0.7951 26.65
2009050201 0.8002 26.30
2009050202 0.7502 24.75
2009050203 0.7048 24.56
2009050204 0.6633 24.56
2009050205 0.6251 23.66
2009050206 0.5898 22.78
2009050207 0.5572 22.45
2009050208 0.5279 22.45
2009050209 0.5567 22.45
2009050210 0.7372 20.96
2009050211 0.9679 20.96
2009050212 1.1469 20.96
2009050213 1.2754 22.04
2009050214 1.3256 25.20
2009050215 1.3812 28.43
2009050216 1.394 29.82
2009050217 1.3253 31.54
2009050218 1.2405 31.70
2009050219 1.1545 33.92
2009050220 1.0782 34.07
2009050221 1.0096 33.81
2009050222 0.9473 34.01
2009050223 0.8903 31.97
2009050224 0.8379 31.71
2009050301 0.8762 31.81
2009050302 0.8286 29.55
2009050303 0.7918 28.98
2009050304 0.777 29.20
2009050305 0.7785 28.62
2009050306 0.8086 28.62
2009050307 0.8255 27.92
2009050308 1.0698 26.76
2009050309 0.947 28.46
2009050310 0.9876 30.10
2009050311 1.1701 28.92
2009050312 1.2881 29.52
2009050313 1.3563 30.84
2009050314 1.4445 31.32
2009050315 1.5479 32.15
2009050316 1.5564 32.09
2009050317 1.5461 34.43
2009050318 1.5126 34.67
2009050319 1.4452 36.47
2009050320 1.3924 36.46
2009050321 1.3175 34.01
2009050322 1.2883 34.76
2009050323 1.2685 36.68
2009050324 1.2427 36.42
2009050401 1.4104 34.41
2009050402 1.3195 34.84
2009050403 1.2556 32.46
2009050404 1.2065 34.99
2009050405 1.1552 33.27
2009050406 1.1649 35.22
2009050407 1.295 33.47
2009050408 1.5016 34.44
2009050409 1.7104 34.84
2009050410 1.9576 34.44
2009050411 2.1595 37.46
2009050412 2.3057 39.39
2009050413 2.4683 42.07
2009050414 2.5729 46.65
2009050415 2.6027 53.51
2009050416 2.5598 55.85
2009050417 2.2888 57.47
2009050418 2.1551 60.75
2009050419 2.0027 58.74
2009050420 1.8148 59.22
2009050421 1.6712 54.66
2009050422 1.5618 52.65
2009050423 1.5614 48.27
2009050424 1.4126 48.66
2009050501 1.4841 45.89
2009050502 1.3567 44.35
2009050503 1.2293 44.13
2009050504 1.1171 41.98
2009050505 1.0264 41.48
2009050506 0.9568 40.42
2009050507 1.0502 39.18
2009050508 1.3071 39.20
2009050509 1.5046 36.95
2009050510 1.7707 38.94
2009050511 2.0061 36.74
2009050512 2.113 39.63
2009050513 2.2855 42.09
2009050514 2.4396 49.32
2009050515 2.4701 55.11
2009050516 2.2156 57.48
2009050517 1.9328 59.54
2009050518 1.7365 61.41
2009050519 1.5843 59.17
2009050520 1.4521 58.54
2009050521 1.3355 56.28
2009050522 1.2317 53.17
2009050523 1.1387 47.54
2009050524 1.0547 48.43
2009050601 1.0444 43.17
2009050602 0.9607 43.58
2009050603 0.8865 40.48
2009050604 0.8199 40.95
2009050605 0.7599 41.02
2009050606 0.7056 38.45
2009050607 0.6562 38.43
2009050608 0.617 37.17
2009050609 0.7835 36.28
2009050610 1.1835 35.65
2009050611 1.4744 34.39
2009050612 1.6651 34.92
2009050613 1.7836 36.99
2009050614 1.897 38.27
2009050615 1.8429 40.75
2009050616 1.6741 43.64
2009050617 1.4288 43.68
2009050618 1.3079 43.27
2009050619 1.1619 43.63
2009050620 1.06 44.08
2009050621 0.9717 44.03
2009050622 0.8939 41.40
2009050623 0.8246 41.28
2009050624 0.7625 41.03
2009050701 0.8426 38.24
2009050702 0.7564 38.01
2009050703 0.6855 36.39
2009050704 0.6246 35.69
2009050705 0.5715 34.76
2009050706 0.5247 34.60
2009050707 0.5071 33.08
2009050708 0.6931 34.34
2009050709 0.9168 31.53
2009050710 1.2625 33.27
2009050711 1.5686 32.33
2009050712 1.7997 34.67
2009050713 1.9689 36.68
2009050714 2.1261 41.90
2009050715 2.1636 44.98
2009050716 1.9031 47.22
2009050717 1.5322 53.31
2009050718 1.4078 58.50
2009050719 1.2702 56.00
2009050720 1.1572 55.86
2009050721 1.008 52.86
2009050722 0.9059 53.13
2009050723 0.8215 50.88
2009050724 0.7477 48.01
2009050801 0.738 48.31
2009050802 0.6655 42.41
2009050803 0.6033 42.15
2009050804 0.5492 41.99
2009050805 0.5018 39.37
2009050806 0.4599 39.32
2009050807 0.4227 38.65
2009050808 0.5521 36.86
2009050809 0.9335 36.98
2009050810 1.332 36.39
2009050811 1.6789 36.12
2009050812 1.8631 38.09
2009050813 2.1182 39.49
2009050814 2.1216 42.57
2009050815 1.7213 45.65
2009050816 1.3755 48.53
2009050817 1.1895 51.06
2009050818 1.053 54.20
2009050819 0.9399 50.43
2009050820 0.8443 51.47
2009050821 0.7621 48.59
2009050822 0.6908 45.42
2009050823 0.6285 45.63
2009050824 0.5736 42.79
2009050901 0.5809 40.37
2009050902 0.6097 40.20
2009050903 0.4721 39.89
2009050904 0.4311 39.43
2009050905 0.3916 37.93
2009050906 0.3613 36.10
2009050907 0.3411 36.28
2009050908 0.3337 34.91
2009050909 0.32 35.04
2009050910 0.4938 33.22
2009050911 0.5164 33.43
2009050912 0.9568 34.18
2009050913 0.863 34.92
2009050914 0.7808 38.68
2009050915 0.7963 35.77
2009050916 0.6359 40.20
2009050917 0.525 42.85
2009050918 0.4734 39.53
2009050919 0.4183 40.12
2009050920 0.3793 43.16
2009050921 0.3386 40.49
2009050922 0.3099 40.42
2009050923 0.2855 38.72
2009050924 0.2637 39.07
2009051001 0.2587 38.83
2009051002 0.4584 37.07
2009051003 0.217 37.08
2009051004 0.2005 36.39
2009051005 0.1834 36.16
2009051006 0.172 36.28
2009051007 0.2392 35.26
2009051008 0.41 36.10
2009051009 0.5722 34.63
2009051010 1.424 35.08
2009051011 1.9224 34.92
2009051012 2.1089 36.86
2009051013 2.3491 38.50
2009051014 2.372 39.81
2009051015 2.2393 43.18
2009051016 1.9624 50.22
2009051017 1.5932 49.66
2009051018 1.3675 50.36
2009051019 1.152 50.38
2009051020 0.9629 50.41
2009051021 0.9049 46.93
2009051022 0.8757 43.59
2009051023 0.7827 43.27
2009051024 0.7125 40.24
2009051101 0.699 42.82
2009051102 0.5416 38.89
2009051103 0.4782 38.27
2009051104 0.4262 37.17
2009051105 0.3824 37.27
2009051106 0.3576 36.98
2009051107 0.5093 35.83
2009051108 0.8685 34.95
2009051109 1.0888 35.53
2009051110 0.9908 34.34
2009051111 1.3689 34.21
2009051112 1.6891 33.76
2009051113 1.3488 33.92
2009051114 1.4417 34.59
2009051115 1.2442 35.22
2009051116 1.1479 31.41
2009051117 0.9893 35.39
2009051118 0.8409 34.07
2009051119 0.6948 34.50
2009051120 0.598 34.82
2009051121 0.5473 32.95
2009051122 0.4817 33.92
2009051123 0.4001 32.95
2009051124 0.3428 31.37
2009051201 0.3322 32.69
2009051202 0.2934 31.75
2009051203 0.2614 31.73
2009051204 0.2346 30.10
2009051205 0.2122 30.47
2009051206 0.2215 29.93
2009051207 0.4628 30.47
2009051208 0.6833 27.80
2009051209 1.1249 30.40
2009051210 1.3985 30.24
2009051211 1.6433 29.00
2009051212 1.5145 27.99
2009051213 1.1909 30.11
2009051214 1.0298 30.46
2009051215 2.0948 37.45
2009051216 2.417 33.62
2009051217 1.0045 31.96
2009051218 1.1719 30.64
2009051219 0.9615 32.90
2009051220 1.1785 32.51
2009051221 1.492 32.86
2009051222 2.324 32.69
2009051223 2.3799 34.05
2009051224 1.6846 34.64
2009051301 0.9869 34.64
2009051302 0.7997 36.54
2009051303 0.7853 35.07
2009051304 0.282 36.10
2009051305 0.21 34.78
2009051306 0.3445 34.95
2009051307 0.3249 34.64
2009051308 0.5161 34.50
2009051309 1.0165 33.50
2009051310 0.8046 33.36
2009051311 1.3075 33.60
2009051312 0.8777 36.65
2009051313 1.3216 34.93
2009051314 1.4479 39.37
2009051315 1.1568 21.75
2009051316 1.1952 32.48
2009051317 0.6737 33.34
2009051318 0.5118 33.91
2009051319 0.4326 31.67
2009051320 0.3749 32.12
2009051321 0.351 31.95
2009051322 0.2905 31.95
2009051323 0.2626 30.65
2009051324 0.2327 30.46
2009051401 0.2115 31.24
2009051402 0.2431 30.31
2009051403 0.1758 29.41
2009051404 0.1873 28.66
2009051405 0.1493 29.00
2009051406 0.1711 30.24
2009051407 0.1385 28.63
2009051408 0.4337 28.09
2009051409 1.852 27.77
2009051410 1.6446 27.55
2009051411 1.4233 26.87
2009051412 0.947 28.09
2009051413 1.1542 27.41
2009051414 1.4577 27.94
2009051415 0.9372 28.17
2009051416 0.5841 28.17
2009051417 0.4871 27.62
2009051418 0.4391 27.09
2009051419 0.3563 27.09
2009051420 0.3829 26.20
2009051421 0.2733 26.20
2009051422 0.3153 27.05
2009051423 0.2175 25.15
2009051424 0.2688 25.15
2009051501 0.1798 25.15
2009051502 0.1639 24.28
2009051503 0.1503 24.28
2009051504 0.1386 24.28
2009051505 0.1285 24.28
2009051506 0.1197 24.28
2009051507 0.112 24.28
2009051508 0.1109 22.41
2009051509 0.1466 22.41
2009051510 0.3232 22.41
2009051511 0.8778 22.66
2009051512 1.2588 22.66
2009051513 1.5524 23.17
2009051514 1.602 24.83
2009051515 1.5836 26.45
2009051516 1.2275 28.22
2009051517 0.7822 28.80
2009051518 0.6484 29.06
2009051519 0.5469 29.97
2009051520 0.4679 27.30
2009051521 0.4052 27.30
2009051522 0.3548 25.60
2009051523 0.3136 25.60
2009051524 0.2796 24.23
2009051601 0.267 24.23
2009051602 0.2953 24.23
2009051603 0.2227 24.23
2009051604 0.2119 24.23
2009051605 0.1856 24.23
2009051606 0.1823 24.23
2009051607 0.1794 24.23
2009051608 0.1832 22.91
2009051609 0.3507 22.91
2009051610 1.1186 21.81
2009051611 1.5742 21.81
2009051612 1.6845 23.17
2009051613 1.783 23.17
2009051614 1.9283 25.82
2009051615 1.8677 25.82
2009051616 1.5253 23.04
2009051617 1.156 26.06
2009051618 0.8556 28.40
2009051619 0.6777 29.84
2009051620 0.5857 29.84
2009051621 0.4975 29.06
2009051622 0.4424 28.71
2009051623 0.3875 26.99
2009051624 0.3504 27.32
2009051701 0.3289 25.12
2009051702 0.2958 25.43
2009051703 0.2542 25.43
2009051704 0.2283 24.57
2009051705 0.2069 24.57
2009051706 0.1888 24.57
2009051707 0.1762 24.57
2009051708 0.1797 24.57
2009051709 0.6775 24.57
2009051710 0.993 24.57
2009051711 1.3262 24.57
2009051712 1.1504 24.57
2009051713 0.9228 24.57
2009051714 1.0867 24.80
2009051715 0.8149 24.80
2009051716 1.7538 25.86
2009051717 1.5266 26.51
2009051718 1.3822 27.48
2009051719 2.7536 28.59
2009051720 1.6025 28.42
2009051721 1.2686 31.02
2009051722 2.9495 31.02
2009051723 1.441 34.65
2009051724 1.9912 37.67
2009051801 1.7652 38.65
2009051802 2.0136 40.87
2009051803 1.5865 39.77
2009051804 1.4112 43.74
2009051805 1.0462 38.92
2009051806 1.7494 39.23
2009051807 3.0635 39.51
2009051808 1.9756 39.49
2009051809 1.3458 40.52
2009051810 0.7712 42.92
2009051811 1.2608 41.15
2009051812 1.254 44.62
2009051813 0.6492 38.44
2009051814 1.9749 40.67
2009051815 2.0224 38.59
2009051816 1.7385 36.74
2009051817 1.0179 38.77
2009051818 0.9642 38.92
2009051819 0.8099 36.56
2009051820 1.1133 40.19
2009051821 0.9243 37.38
2009051822 1.0392 39.43
2009051823 0.8555 36.67
2009051824 0.82 35.48
2009051901 0.7979 34.41
2009051902 0.6711 33.20
2009051903 0.5216 33.58
2009051904 0.3186 33.50
2009051905 0.367 33.92
2009051906 0.7342 34.34
2009051907 1.0793 33.50
2009051908 1.7609 33.38
2009051909 2.082 34.04
2009051910 2.078 31.39
2009051911 2.0814 30.90
2009051912 1.4972 34.30
2009051913 1.6425 35.21
2009051914 1.9364 37.00
2009051915 1.7096 39.85
2009051916 1.2599 46.02
2009051917 0.6497 43.64
2009051918 0.5127 47.32
2009051919 0.4674 43.02
2009051920 0.3822 42.55
2009051921 0.3539 41.20
2009051922 0.295 40.39
2009051923 0.2947 36.89
2009051924 0.2439 36.59
2009052001 0.2294 35.82
2009052002 0.259 34.66
2009052003 0.1838 33.06
2009052004 0.1705 32.68
2009052005 0.1514 33.02
2009052006 0.1434 31.76
2009052007 0.1326 31.37
2009052008 0.2682 31.45
2009052009 1.111 29.86
2009052010 1.6281 30.23
2009052011 1.8975 29.10
2009052012 1.8487 29.92
2009052013 2.1741 32.29
2009052014 2.0703 34.50
2009052015 1.7648 35.55
2009052016 1.2851 38.11
2009052017 0.5778 39.40
2009052018 0.4768 40.77
2009052019 0.3949 40.02
2009052020 0.3413 39.30
2009052021 0.2986 36.62
2009052022 0.2638 35.66
2009052023 0.2348 34.70
2009052024 0.2186 32.81
2009052101 0.2181 32.01
2009052102 0.2875 32.15
2009052103 0.1677 30.54
2009052104 0.179 30.54
2009052105 0.1354 30.23
2009052106 0.1622 28.87
2009052107 0.1568 29.56
2009052108 0.4187 28.65
2009052109 1.5497 27.55
2009052110 2.089 28.21
2009052111 2.2622 27.99
2009052112 2.316 28.34
2009052113 2.4392 30.75
2009052114 1.9561 32.40
2009052115 1.3707 34.78
2009052116 0.8922 36.89
2009052117 0.6122 35.20
2009052118 0.422 40.11
2009052119 0.4021 37.74
2009052120 0.3186 35.92
2009052121 0.2649 35.95
2009052122 0.2493 33.29
2009052123 0.2272 32.52
2009052124 0.2994 32.93
2009052201 0.3019 30.90
2009052202 0.2588 30.85
2009052203 0.2397 30.54
2009052204 0.2492 29.71
2009052205 0.247 29.77
2009052206 0.3528 29.77
2009052207 0.6075 29.32
2009052208 0.6448 28.52
2009052209 0.6627 28.21
2009052210 1.1925 28.55
2009052211 3.1417 30.03
2009052212 1.9445 30.49
2009052213 1.4823 31.67
2009052214 1.4621 32.79
2009052215 0.9808 33.50
2009052216 0.5421 33.34
2009052217 0.5839 34.11
2009052218 0.5623 33.96
2009052219 0.5306 33.26
2009052220 0.6857 32.64
2009052221 1.03 31.61
2009052222 0.7973 31.56
2009052223 1.1201 30.78
2009052224 0.9498 31.16
2009052301 0.9998 31.16
2009052302 1.0246 31.62
2009052303 1.2143 31.62
2009052304 0.6895 33.14
2009052305 0.4089 32.32
2009052306 0.3703 32.32
2009052307 0.4643 32.73
2009052308 0.606 32.28
2009052309 1.129 31.83
2009052310 0.9209 31.17
2009052311 1.6191 30.46
2009052312 2.0513 30.40
2009052313 1.7783 31.16
2009052314 1.0573 32.08
2009052315 1.2759 32.41
2009052316 0.5638 32.87
2009052317 0.5576 33.65
2009052318 1.8672 32.77
2009052319 1.0198 33.08
2009052320 0.4222 32.64
2009052321 0.3518 32.61
2009052322 0.2802 32.61
2009052323 0.3465 33.05
2009052324 0.2588 30.91
2009052401 0.1478 31.04
2009052402 0.1511 29.86
2009052403 0.2353 29.53
2009052404 0.2019 29.47
2009052405 0.2261 29.40
2009052406 0.2557 28.69
2009052407 0.5815 29.48
2009052408 0.4356 28.27
2009052409 0.4466 28.69
2009052410 1.4542 29.04
2009052411 1.6265 28.77
2009052412 1.6222 28.77
2009052413 1.635 30.00
2009052414 1.5478 32.74
2009052415 1.4615 35.29
2009052416 0.9529 37.18
2009052417 0.6315 37.95
2009052418 0.5803 37.15
2009052419 0.4185 36.05
2009052420 0.2871 34.87
2009052421 0.2677 34.02
2009052422 0.2641 31.33
2009052423 0.196 31.39
2009052424 0.1747 30.24
2009052501 0.1522 30.62
2009052502 0.1362 28.68
2009052503 0.1143 29.10
2009052504 0.1054 27.92
2009052505 0.0887 27.58
2009052506 0.0872 27.58
2009052507 0.1052 27.16
2009052508 0.2465 26.39
2009052509 0.7241 25.98
2009052510 0.9396 26.71
2009052511 0.9048 26.04
2009052512 0.8667 25.93
2009052513 1.0291 27.03
2009052514 0.9951 26.90
2009052515 0.7331 28.34
2009052516 0.5134 29.56
2009052517 0.2414 30.27
2009052518 0.2142 29.47
2009052519 0.1689 29.39
2009052520 0.1493 28.32
2009052521 0.125 27.17
2009052522 0.1132 26.41
2009052523 0.1002 26.39
2009052524 0.0886 25.98
2009052601 0.0797 25.57
2009052602 0.1141 24.91
2009052603 0.0614 23.31
2009052604 0.0783 24.17
2009052605 0.049 24.46
2009052606 0.0724 24.14
2009052607 0.07 23.22
2009052608 0.1342 23.49
2009052609 0.4326 22.26
2009052610 0.8946 22.52
2009052611 1.0947 22.78
2009052612 1.1058 22.78
2009052613 1.2407 23.38
2009052614 1.2272 24.64
2009052615 1.0771 25.73
2009052616 0.6835 26.11
2009052617 0.3848 27.03
2009052618 0.3122 26.29
2009052619 0.2572 26.65
2009052620 0.1713 26.24
2009052621 0.168 25.57
2009052622 0.1227 24.91
2009052623 0.1291 23.67
2009052624 0.0946 22.47
2009052701 0.086 22.70
2009052702 0.0831 22.06
2009052703 0.0629 22.06
2009052704 0.065 21.60
2009052705 0.0485 21.75
2009052706 0.0445 21.10
2009052707 0.0417 21.68
2009052708 0.1251 21.21
2009052709 0.279 20.42
2009052710 0.3001 20.88
2009052711 0.3401 20.26
2009052712 0.2994 20.70
2009052713 0.3951 21.33
2009052714 0.6389 21.92
2009052715 0.8158 21.45
2009052716 0.4371 21.68
2009052717 0.4012 20.51
2009052718 0.3169 21.60
2009052719 0.2672 21.60
2009052720 0.2336 21.60
2009052721 0.1905 21.60
2009052722 0.1315 21.51
2009052723 0.1036 20.31
2009052724 0.0897 20.53
2009052801 0.0898 20.20
2009052802 0.1519 19.98
2009052803 0.1443 19.78
2009052804 0.0715 19.23
2009052805 0.1166 19.64
2009052806 0.281 19.40
2009052807 0.4662 19.40
2009052808 0.617 19.01
2009052809 0.7951 19.21
2009052810 1.0018 19.01
2009052811 1.0996 19.16
2009052812 1.087 19.36
2009052813 0.8441 19.93
2009052814 0.861 21.42
2009052815 0.6104 21.33
2009052816 0.6143 20.19
2009052817 0.5104 20.98
2009052818 0.3304 20.80
2009052819 0.2847 20.80
2009052820 0.2135 20.80
2009052821 0.1234 20.18
2009052822 0.0976 19.77
2009052823 0.0843 19.23
2009052824 0.0832 19.64
2009052901 0.0678 18.70
2009052902 0.0551 18.90
2009052903 0.0458 18.46
2009052904 0.0389 18.46
2009052905 0.0336 17.67
2009052906 0.0384 18.67
2009052907 0.1362 18.21
2009052908 0.4764 17.67
2009052909 0.6652 17.15
2009052910 0.8981 18.03
2009052911 1.0242 17.50
2009052912 1.0334 18.38
2009052913 1.0771 18.48
2009052914 1.0368 18.48
2009052915 0.8715 19.09
2009052916 0.7732 18.90
2009052917 0.4931 19.95
2009052918 0.3705 21.18
2009052919 0.278 20.42
2009052920 0.1796 18.81
2009052921 0.1246 18.81
2009052922 0.1038 18.51
2009052923 0.0959 18.42
2009052924 0.0598 18.28
2009053001 0.0553 17.62
2009053002 0.0475 17.45
2009053003 0.0368 17.97
2009053004 0.0328 17.13
2009053005 0.0272 16.96
2009053006 0.0241 17.10
2009053007 0.0715 16.96
2009053008 0.3397 17.58
2009053009 0.5477 17.58
2009053010 0.7092 16.90
2009053011 0.8394 17.58
2009053012 0.8597 17.26
2009053013 0.9348 17.26
2009053014 0.862 16.94
2009053015 0.6371 17.42
2009053016 0.738 17.78
2009053017 1.6123 17.45
2009053018 0.5823 17.45
2009053019 1.3965 19.87
2009053020 0.6905 18.66
2009053021 1.0812 20.48
2009053022 0.969 19.67
2009053023 1.3411 18.97
2009053024 1.8705 19.09
2009053101 1.6919 19.48
2009053102 1.4284 19.87
2009053103 0.4463 20.41
2009053104 0.8949 21.84
2009053105 1.1174 22.15
2009053106 0.3873 21.69
2009053107 0.8599 20.46
2009053108 0.1979 20.46
2009053109 0.5747 19.36
2009053110 1.0593 19.80
2009053111 0.4636 19.05
2009053112 0.8947 19.05
2009053113 0.66 19.81
2009053114 0.2055 19.81
2009053115 0.4354 19.17
2009053116 0.4702 18.36
2009053117 0.2249 19.29
2009053118 0.4458 18.77
2009053119 1.1105 18.77
2009053120 1.0798 18.83
2009053121 1.1651 19.53
2009053122 0.1105 20.06
2009053123 0.1262 18.46
2009053124 0.1215 18.10
2009060101 0.2189 17.95
2009060102 0.0592 17.45
2009060103 0.0817 17.45
2009060104 0.0768 16.78
2009060105 0.1322 17.62
2009060106 0.1757 17.62
2009060107 0.1782 16.60
2009060108 0.2038 16.75
2009060109 0.5408 16.75
2009060110 0.4688 16.75
2009060111 0.6454 16.75
2009060112 0.5408 16.23
2009060113 0.478 15.34
2009060114 0.307 16.91
2009060115 0.3702 17.06
2009060116 0.2913 16.91
2009060117 0.1875 16.91
2009060118 0.1319 17.06
2009060119 0.1074 17.06
2009060120 0.0831 16.91
2009060121 0.0746 16.56
2009060122 0.0478 16.23
2009060123 0.0869 16.56
2009060124 0.0661 14.27
2009060201 0.0374 15.11
2009060202 0.0184 16.23
2009060203 0.1149 15.54
2009060204 0.0134 14.67
2009060205 0.0123 14.74
2009060206 0.0121 15.01
2009060207 0.1151 14.54
2009060208 0.2156 15.01
2009060209 0.4147 14.64
2009060210 0.5256 15.01
2009060211 0.5822 14.75
2009060212 0.5397 14.50
2009060213 0.5829 14.34
2009060214 0.3963 14.87
2009060215 0.2237 15.41
2009060216 0.1579 16.37
2009060217 0.202 15.95
2009060218 0.1355 15.95
2009060219 0.0607 15.81
2009060220 0.0486 15.14
2009060221 0.03 15.33
2009060222 0.151 14.67
2009060223 0.1104 14.54
2009060224 0.0925 13.76
2009060301 0.0667 13.08
2009060302 0.0452 14.52
2009060303 0.0346 14.76
2009060304 0.0166 13.68
2009060305 0.0305 13.32
2009060306 0.1381 13.08
2009060307 0.2101 13.49
2009060308 0.3544 14.05
2009060309 0.4477 14.20
2009060310 0.5095 13.47
2009060311 0.5778 13.40
2009060312 0.5214 13.80
2009060313 0.5608 13.08
2009060314 0.4471 14.04
2009060315 0.3096 15.79
2009060316 0.2948 16.26
2009060317 0.2595 16.44
2009060318 0.195 16.02
2009060319 0.1202 15.61
2009060320 0.1024 14.79
2009060321 0.114 15.00
2009060322 0.0783 14.54
2009060323 0.1255 13.58
2009060324 0.0727 13.32
2009060401 0.0862 13.44
2009060402 0.0447 13.58
2009060403 0.0517 14.16
2009060404 0.0632 13.16
2009060405 0.052 12.17
2009060406 0.0812 12.61
2009060407 0.0769 12.50
2009060408 0.1243 15.82
2009060409 0.1566 13.56
2009060410 0.2374 11.21
2009060411 0.2678 13.27
2009060412 0.1557 12.54
2009060413 0.1632 12.28
2009060414 0.1308 12.39
2009060415 0.1766 13.39
2009060416 0.1507 13.60
2009060417 0.1763 12.50
2009060418 0.1335 13.60
2009060419 0.1261 13.27
2009060420 0.041 12.50
2009060421 0.0495 12.40
2009060422 0.0426 11.58
2009060423 0.0387 13.00
2009060424 0.0435 11.86
2009060501 0.0364 11.56
2009060502 0.0299 12.45
2009060503 0.024 12.45
2009060504 0.3304 10.96
2009060505 0.0377 11.33
2009060506 0.0485 11.24
2009060507 0.0518 10.96
2009060508 0.0928 11.56
2009060509 0.1192 11.91
2009060510 0.1866 11.98
2009060511 0.2303 11.52
2009060512 1.4409 7.34
2009060513 2.005 11.43
2009060514 0.3762 12.40
2009060515 0.1418 12.39
2009060516 0.1171 8.65
2009060517 0.1601 13.82
2009060518 0.066 13.25
2009060519 0.3398 12.60
2009060520 0.3433 12.82
2009060521 0.7636 12.29
2009060522 1.1573 11.27
2009060523 0.2527 12.18
2009060524 0.0728 11.75
2009060601 0.0356 11.96
2009060602 0.0375 13.59
2009060603 0.0464 13.58
2009060604 0.3418 11.53
2009060605 0.0333 12.50
2009060606 0.1453 11.53
2009060607 0.07 11.25
2009060608 0.1128 11.07
2009060609 0.1247 12.15
2009060610 0.1217 12.54
2009060611 0.158 11.61
2009060612 0.1724 12.35
2009060613 0.1706 6.60
2009060614 0.1538 10.78
2009060615 0.1463 10.93
2009060616 0.1167 10.67
2009060617 0.3792 11.37
2009060618 0.2537 11.29
2009060619 0.4351 12.22
2009060620 0.7336 11.20
2009060621 1.0328 11.56
2009060622 0.7547 10.76
2009060623 0.2398 11.37
2009060624 1.0617 10.87
2009060701 0.3479 11.66
2009060702 0.4514 12.45
2009060703 0.4351 9.51
2009060704 0.748 10.68
2009060705 1.0399 11.71
2009060706 0.0519 11.52
2009060707 0.256 11.96
2009060708 0.2651 11.15
2009060709 0.3512 13.19
2009060710 0.8616 12.26
2009060711 0.2681 11.71
2009060712 0.0675 11.84
2009060713 0.0802 11.76
2009060714 0.0898 10.53
2009060715 0.0824 10.59
2009060716 0.0657 10.93
2009060717 0.062 12.00
2009060718 0.0499 11.73
2009060719 0.0321 11.11
2009060720 0.0224 11.07
2009060721 0.0278 11.16
2009060722 0.0217 11.16
2009060723 0.0246 9.81
2009060724 0.0251 10.30
2009060801 0.0219 10.14
2009060802 0.017 10.88
2009060803 0.0179 11.21
2009060804 0.0194 9.39
2009060805 0.0246 9.86
2009060806 0.0356 9.89
2009060807 0.0546 9.53
2009060808 0.0963 9.30
2009060809 0.1002 10.44
2009060810 0.128 8.84
2009060811 0.3393 5.29
2009060812 1.1849 10.43
2009060813 0.1226 9.37
2009060814 0.3967 11.36
2009060815 0.0665 9.59
2009060816 0.266 9.59
2009060817 0.0439 9.25
2009060818 0.0357 11.37
2009060819 0.0413 11.12
2009060820 0.0292 10.10
2009060821 0.0232 9.91
2009060822 0.0325 9.37
2009060823 0.0227 8.76
2009060824 0.0186 9.45
2009060901 0.0116 9.53
2009060902 0.0117 9.68
2009060903 0.0093 10.07
2009060904 0.0059 8.95
2009060905 0.0061 8.73
2009060906 0.0172 9.03
2009060907 0.034 8.51
2009060908 0.0572 9.70
2009060909 0.0504 9.63
2009060910 0.07 9.70
2009060911 0.0755 9.42
2009060912 0.1006 9.21
2009060913 0.0813 8.65
2009060914 0.0722 9.10
2009060915 0.0496 9.40
2009060916 0.1568 8.80
2009060917 0.0485 8.50
2009060918 0.0424 9.25
2009060919 0.028 9.85
2009060920 0.0159 10.05
2009060921 0.0187 8.79
2009060922 0.022 8.58
2009060923 0.026 8.79
2009060924 0.0159 9.00
2009061001 0.0108 8.38
2009061002 0.0053 8.38
2009061003 0.0037 8.45
2009061004 0.0032 8.38
2009061005 0.0022 8.45
2009061006 0.0067 8.06
2009061007 0.0154 8.52
2009061008 0.0317 8.00
2009061009 0.038 10.45
2009061010 0.0525 9.55
2009061011 0.0569 8.72
2009061012 0.0614 8.66
2009061013 0.0654 7.83
2009061014 0.0621 8.52
2009061015 0.0527 9.07
2009061016 0.048 9.34
2009061017 0.0319 8.31
2009061018 0.0248 8.18
2009061019 0.026 9.91
2009061020 0.013 8.93
2009061021 0.016 8.11
2009061022 0.0135 7.76
2009061023 0.0116 8.59
2009061024 0.0132 8.11
2009061101 0.8166 8.38
2009061102 0.2118 9.41
2009061103 1.4149 9.03
2009061104 1.4145 8.38
2009061105 2.8159 8.38
2009061106 2.3187 10.07
2009061107 2.3141 10.58
2009061108 1.813 11.38
2009061109 3.5119 14.63
2009061110 3.8109 17.04
2009061111 3.2205 20.91
2009061112 4.0266 29.39
2009061113 2.5264 34.30
2009061114 1.3249 44.30
2009061115 0.1268 38.26
2009061116 0.2157 30.26
2009061117 0.0179 23.09
2009061118 1.0164 20.24
2009061119 0.1157 17.78
2009061120 0.0119 16.26
2009061121 0.013 15.06
2009061122 0.012 15.14
2009061123 0.0118 15.83
2009061124 0.0099 14.99
2009061201 0.0074 14.48
2009061202 0.0032 14.18
2009061203 0.0045 14.24
2009061204 0.0048 12.95
2009061205 0.005 13.09
2009061206 0.109 13.50
2009061207 0.016 11.88
2009061208 0.0192 13.42
2009061209 0.0269 12.91
2009061210 0.0287 12.70
2009061211 0.0266 12.30
2009061212 0.0244 12.30
2009061213 0.0252 11.31
2009061214 0.0268 12.67
2009061215 0.024 12.19
2009061216 0.0132 12.27
2009061217 0.0067 11.57
2009061218 0.0036 11.79
2009061219 0.0015 11.94
2009061220 0.4063 11.85
2009061221 0.1024 10.89
2009061222 0.0047 10.68
2009061223 0.0053 10.97
2009061224 0.0038 11.58
2009061301 0.5079 11.47
2009061302 0.2077 7.55
2009061303 0.4059 10.58
2009061304 0.0061 10.00
2009061305 0.0042 10.49
2009061306 0.0056 10.58
2009061307 0.1083 10.67
2009061308 0.3144 10.29
2009061309 0.0167 10.87
2009061310 0.0137 11.76
2009061311 0.0095 11.10
2009061312 0.0082 10.96
2009061313 0.4069 10.22
2009061314 0.0123 9.48
2009061315 0.0141 9.94
2009061316 0.1147 10.67
2009061317 0.0091 9.38
2009061318 0.0054 10.78
2009061319 0.3026 6.04
2009061320 0.0031 10.01
2009061321 0.0039 9.50
2009061322 0.0041 10.13
2009061323 0.0035 9.06
2009061324 0.4041 9.56
2009061401 0.803 9.56
2009061402 0.3029 10.46
2009061403 0.2025 10.26
2009061404 0.3034 9.92
2009061405 0.4034 9.59
2009061406 0.0042 9.67
2009061407 0.4034 9.67
2009061408 0.0058 9.67
2009061409 0.0054 9.76
2009061410 0.0056 10.43
2009061411 0.0063 10.01
2009061412 0.0072 10.09
2009061413 0.0068 9.80
2009061414 0.2064 9.34
2009061415 0.0069 8.98
2009061416 0.0084 9.02
2009061417 0.0063 9.02
2009061418 0.1057 10.04
2009061419 0.0043 9.86
2009061420 0.0026 9.94
2009061421 0.0033 9.73
2009061422 0.0028 8.87
2009061423 0.0026 8.48
2009061424 0.0023 8.76
2009061501 0.0023 8.95
2009061502 0.0013 9.83
2009061503 0.0007 5.49
2009061504 0.0018 9.57
2009061505 0.0029 8.15
2009061506 0.0037 7.77
2009061507 0.0078 8.56
2009061508 0.0104 8.56
2009061509 0.0138 5.18
2009061510 0.0156 8.77
2009061511 0.011 9.28
2009061512 0.0066 9.20
2009061513 0.0081 8.34
2009061514 0.407 8.92
2009061515 0.3068 9.70
2009061516 0.6048 9.46
2009061517 2.1039 8.68
2009061518 1.8029 8.99
2009061519 0.4012 10.90
2009061520 0.4013 11.43
2009061521 0.0011 11.36
2009061522 0.0011 10.35
2009061523 0.0009 9.74
2009061524 0.0013 9.74
2009061601 0.0012 9.93
2009061602 0.0009 10.27
2009061603 0.0015 9.23
2009061604 0.0012 9.60
2009061605 0.0013 8.43
2009061606 0.0031 8.10
2009061607 0.0059 8.77
2009061608 0.1108 8.59
2009061609 0.0127 9.85
2009061610 0.2168 9.22
2009061611 0.0123 9.35
2009061612 0.0112 9.10
2009061613 0.0077 8.27
2009061614 0.4051 8.85
2009061615 0.2057 9.02
2009061616 0.0041 9.46
2009061617 1.2032 8.59
2009061618 0.5027 8.35
2009061619 0.6022 6.01
2009061620 0.0015 9.14
2009061621 0.0026 10.22
2009061622 0.0015 8.10
2009061623 0.0028 8.46
2009061624 0.1023 8.35
2009061701 0.0006 8.35
2009061702 0.0011 9.22
2009061703 0.0006 9.02
2009061704 0.0008 8.79
2009061705 0.0018 7.79
2009061706 0.0031 7.64
2009061707 0.0055 8.09
2009061708 0.0085 8.89
2009061709 0.0155 8.67
2009061710 0.0193 9.11
2009061711 0.0216 8.35
2009061712 0.0243 8.53
2009061713 0.0093 8.35
2009061714 0.0057 7.94
2009061715 0.0044 8.35
2009061716 0.0065 8.31
2009061717 0.0067 8.60
2009061718 0.0065 7.57
2009061719 0.0026 7.50
2009061720 0.0022 8.67
2009061721 0.0015 8.38
2009061722 0.0004 7.28
2009061723 0.002 7.33
2009061724 0.0018 7.91
2009061801 0.001 8.77
2009061802 0.0009 2.59
2009061803 0.0004 7.98
2009061804 0.0004 7.85
2009061805 0.0007 7.11
2009061806 0.0018 7.24
2009061807 0.004 7.51
2009061808 0.008 8.12
2009061809 0.0206 7.79
2009061810 0.0251 7.72
2009061811 0.0241 7.85
2009061812 0.0249 7.77
2009061813 0.0148 7.19
2009061814 0.0145 7.62
2009061815 0.0134 7.91
2009061816 0.0097 6.97
2009061817 0.0077 7.69
2009061818 0.005 8.06
2009061819 0.0022 8.12
2009061820 0.0028 8.06
2009061821 0.0029 7.99
2009061822 0.0016 6.91
2009061823 0.0022 6.91
2009061824 0.0007 6.68
2009061901 0.0003 8.26
2009061902 0.0003 7.47
2009061903 0.0003 7.47
2009061904 0.0003 7.54
2009061905 0.0003 6.87
2009061906 0.0033 6.68
2009061907 0.0128 7.80
2009061908 0.0102 8.20
2009061909 0.0182 7.40
2009061910 0.0269 7.93
2009061911 0.0254 7.40
2009061912 0.0314 7.40
2009061913 0.0277 7.01
2009061914 0.018 7.20
2009061915 0.016 7.54
2009061916 0.0159 0.53
2009061917 0.0096 7.45
2009061918 0.008 7.40
2009061919 0.0064 7.40
2009061920 0.0028 0.93
2009061921 0.0058 7.22
2009061922 0.0045 7.34
2009061923 0.0053 7.22
2009061924 0.007 7.46
2009062001 0 7.34
2009062002 0 7.53
2009062003 0 7.51
2009062004 0 7.76
2009062005 0 6.73
2009062006 0 6.54
2009062007 0 6.18
2009062008 0 6.79
2009062009 0 7.33
2009062010 0 7.40
2009062011 0 7.45
2009062012 0 6.97
2009062013 0 6.66
2009062014 0 7.46
2009062015 0 7.15
2009062016 0 6.54
2009062017 0 7.58
2009062018 0 7.22
2009062019 0 6.91
2009062020 0 7.03
2009062021 0 7.51
2009062022 0 6.97
2009062023 0 6.85
2009062024 0 7.45
2009062101 0.3 6.42
2009062102 0.3 6.97
2009062103 0 6.97
2009062104 0.1 6.73
2009062105 0.2 5.66
2009062106 0 6.10
2009062107 0 6.06
2009062108 0 8.12
2009062109 0 7.03
2009062110 0 6.54
2009062111 0 7.03
2009062112 0 6.97
2009062113 0 7.28
2009062114 0 7.28
2009062115 0 6.61
2009062116 0 7.27
2009062117 0 7.15
2009062118 0 6.73
2009062119 0 7.09
2009062120 0 6.54
2009062121 0.1 7.15
2009062122 0 6.88
2009062123 0 6.54
2009062124 0 7.00
2009062201 0 7.00
2009062202 0 6.60
2009062203 0 7.23
2009062204 0 6.32
2009062205 0 5.71
2009062206 0 6.15
2009062207 0 6.32
2009062208 0 7.09
2009062209 0.3 6.83
2009062210 0 5.63
2009062211 0.3 7.11
2009062212 0 7.15
2009062213 0.5 5.82
2009062214 0.4 6.79
2009062215 0.3 6.48
2009062216 0.5 7.28
2009062217 0.4 7.90
2009062218 0.5 7.34
2009062219 0.3 6.94
2009062220 0.3 7.65
2009062221 0.2 7.83
2009062222 0.7 7.64
2009062223 0.9 7.94
2009062224 0 8.48
2009062301 0.6 8.71
2009062302 1.5 9.25
2009062303 2.1 9.87
2009062304 4.3 10.81
2009062305 0.5 11.17
2009062306 0.2 11.17
2009062307 0.3 16.59
2009062308 0 16.44
2009062309 0 12.87
2009062310 0 11.39
2009062311 0 10.91
2009062312 0 9.59
2009062313 0 9.38
2009062314 0 9.73
2009062315 0 7.89
2009062316 0 7.75
2009062317 0.3 8.35
2009062318 0 9.60
2009062319 0.2 8.90
2009062320 0.1 8.75
2009062321 0 8.82
2009062322 0 6.98
2009062323 0 7.35
2009062324 0 7.28
2009062401 0 9.22
2009062402 0 7.65
2009062403 0 8.06
2009062404 0 8.06
2009062405 0 7.11
2009062406 0 6.28
2009062407 0 7.38
2009062408 0 8.06
2009062409 0 7.51
2009062410 0 7.53
2009062411 0 7.04
2009062412 0 7.85
2009062413 0 6.53
2009062414 0 7.91
2009062415 0 6.59
2009062416 0 5.97
2009062417 0 5.97
2009062418 0 5.97
2009062419 0 5.97
2009062420 0 6.90
2009062421 0 7.46
2009062422 0 6.59
2009062423 0 6.90
2009062424 0 6.72
2009062501 0 7.58
2009062502 0 6.26
2009062503 0 7.00
2009062504 0 6.83
2009062505 0 5.86
2009062506 0 5.92
2009062507 0 6.49
2009062508 0 7.11
2009062509 0 7.11
2009062510 0 6.32
2009062511 0 6.43
2009062512 0 6.61
2009062513 0 5.21
2009062514 0 7.46
2009062515 0 7.46
2009062516 0 7.27
2009062517 0 5.76
2009062518 0 6.67
2009062519 0 6.79
2009062520 0 3.02
2009062521 0 7.33
2009062522 0 5.35
2009062523 0 5.46
2009062524 0 6.49
2009062601 0 5.98
2009062602 0 7.23
2009062603 0 5.82
2009062604 0 6.15
2009062605 0 6.09
2009062606 0 6.26
2009062607 0 6.26
2009062608 0 6.26
2009062609 0 7.06
2009062610 0 6.37
2009062611 0 6.71
2009062612 0 5.86
2009062613 0 6.43
2009062614 0 6.20
2009062615 0 5.21
2009062616 0 4.93
2009062617 0 6.93
2009062618 0 4.21
2009062619 0 6.87
2009062620 0 6.70
2009062621 0 6.37
2009062622 0 6.32
2009062623 0 5.15
2009062624 0 5.37
2009062701 0 5.32
2009062702 0 5.93
2009062703 0 4.21
2009062704 0 6.43
2009062705 0 6.43
2009062706 0 6.14
2009062707 0 6.25
2009062708 0 4.09
2009062709 0 7.15
2009062710 0 6.15
2009062711 0 6.43
2009062712 0 5.76
2009062713 0 6.32
2009062714 0 5.54
2009062715 0 6.26
2009062716 0 5.71
2009062717 0 5.82
2009062718 0 5.71
2009062719 0 5.88
2009062720 0 6.09
2009062721 0 5.76
2009062722 0 4.95
2009062723 0 4.80
2009062724 0 5.05
2009062801 0 5.45
2009062802 0 6.01
2009062803 0 6.36
2009062804 0 5.91
2009062805 0 5.86
2009062806 0 5.91
2009062807 0 5.71
2009062808 0 6.57
2009062809 0 5.55
2009062810 0 5.86
2009062811 0 5.61
2009062812 0 6.06
2009062813 0 5.61
2009062814 0 5.86
2009062815 0 5.96
2009062816 0 5.35
2009062817 0 3.48
2009062818 0 4.34
2009062819 0 6.14
2009062820 0 5.65
2009062821 0 5.79
2009062822 0 5.74
2009062823 0 4.52
2009062824 0 4.47
2009062901 0 4.75
2009062902 0 4.91
2009062903 0 5.40
2009062904 0 5.60
2009062905 0 5.70
2009062906 0 5.60
2009062907 0 5.40
2009062908 0 5.84
2009062909 0 5.99
2009062910 0 5.60
2009062911 0 5.99
2009062912 0 5.30
2009062913 0 4.08
2009062914 0 6.46
2009062915 0 5.70
2009062916 0 5.84
2009062917 0 5.79
2009062918 0 4.52
2009062919 0 4.91
2009062920 0 5.30
2009062921 0 3.94
2009062922 0 4.53
2009062923 0 4.67
2009062924 0 4.95
2009063001 0 4.95
2009063002 0 6.05
2009063003 0 4.13
2009063004 0 4.26
2009063005 0 4.85
2009063006 0 5.13
2009063007 0 4.90
2009063008 0 4.85
2009063009 0.3 4.90
2009063010 0 6.37
2009063011 0 4.08
2009063012 0 4.31
2009063013 0 4.49
2009063014 0 7.01
2009063015 0 2.11
2009063016 0.4 3.85
2009063017 0.8 6.55
2009063018 1.9 0.00
2009063019 1.8 4.57
2009063020 0.7 6.36
2009063021 1 5.87
2009063022 1.6 5.88
2009063023 1.4 5.88
2009063024 0.3 6.39
