2012030101 0.0417 3.10
2012030102 0.0417 1.72
2012030103 0.0417 3.22
2012030104 0.0417 1.46
2012030105 0.0417 3.71
2012030106 0.0417 2.69
2012030107 0.0417 1.90
2012030108 0.0417 0.34
2012030109 0.0417 3.23
2012030110 0.0417 0.00
2012030111 0.0417 4.60
2012030112 0.0417 0.00
2012030113 0.0417 0.00
2012030114 0.0417 0.00
2012030115 0.0417 0.00
2012030116 0.0417 0.00
2012030117 0.0417 2.14
2012030118 0.0417 4.12
2012030119 0.0417 9.49
2012030120 0.0417 8.01
2012030121 0.0417 0.00
2012030122 0.0417 0.00
2012030123 0.0417 1.36
2012030124 0.0417 1.85
2012030201 0.0417 3.25
2012030202 0.0417 2.78
2012030203 0.0417 1.76
2012030204 0.0417 3.00
2012030205 0.0417 2.22
2012030206 0.0417 3.02
2012030207 0.0417 4.86
2012030208 0.0417 0.00
2012030209 0.0417 2.93
2012030210 0.0417 2.14
2012030211 0.0417 0.00
2012030212 0.0417 2.47
2012030213 0.0417 2.65
2012030214 0.0417 0.00
2012030215 0.0417 2.00
2012030216 0.0417 2.32
2012030217 0.0417 2.06
2012030218 0.0417 0.00
2012030219 0.0417 0.00
2012030220 0.0417 0.00
2012030221 0.0417 0.00
2012030222 0.0417 2.60
2012030223 0.0417 2.44
2012030224 0.0417 2.44
2012030301 0.0417 2.10
2012030302 0.0417 2.55
2012030303 0.0417 2.25
2012030304 0.0417 2.45
2012030305 0.0417 2.40
2012030306 0.0417 1.92
2012030307 0.0417 1.90
2012030308 0.0417 1.73
2012030309 0.0417 1.92
2012030310 0.0417 4.30
2012030311 0.0417 0.00
2012030312 0.0417 2.60
2012030313 0.0417 2.00
2012030314 0.0417 2.15
2012030315 0.0417 2.25
2012030316 0.0417 2.47
2012030317 0.0417 0.00
2012030318 0.0417 0.00
2012030319 0.0417 2.24
2012030320 0.0417 2.44
2012030321 0.0417 8.81
2012030322 0.0417 2.82
2012030323 0.0417 2.55
2012030324 0.0417 2.46
2012030401 0.0417 3.56
2012030402 0.0417 3.00
2012030403 0.0417 2.26
2012030404 0.0417 2.52
2012030405 0.0417 0.06
2012030406 0.0417 1.81
2012030407 0.0417 0.00
2012030408 0.0417 2.25
2012030409 0.0417 0.00
2012030410 0.0417 0.00
2012030411 0.0417 0.00
2012030412 0.0417 2.15
2012030413 0.0417 0.00
2012030414 0.0417 0.00
2012030415 0.0417 2.32
2012030416 0.0417 0.00
2012030417 0.0417 2.06
2012030418 0.0417 2.15
2012030419 0.0417 2.21
2012030420 0.0417 2.03
2012030421 0.0417 0.00
2012030422 0.0417 2.28
2012030423 0.0417 0.00
2012030424 0.0417 2.18
2012030501 0.0417 0.00
2012030502 0.0417 1.23
2012030503 0.0417 1.90
2012030504 0.0417 1.74
2012030505 0.0417 2.14
2012030506 0.0417 1.42
2012030507 0.0417 2.16
2012030508 0.0417 11.04
2012030509 0.0417 3.57
2012030510 0.0417 0.00
2012030511 0.0417 0.00
2012030512 0.0417 2.56
2012030513 0.0417 0.00
2012030514 0.0417 0.00
2012030515 0.0417 0.00
2012030516 0.0417 3.16
2012030517 0.0417 2.32
2012030518 0.0417 0.00
2012030519 0.0417 2.47
2012030520 0.0417 2.25
2012030521 0.0417 0.00
2012030522 0.0417 0.00
2012030523 0.0417 0.00
2012030524 0.0417 0.00
2012030601 0.0417 0.00
2012030602 0.0417 0.77
2012030603 0.0417 3.08
2012030604 0.0417 2.20
2012030605 0.0417 1.72
2012030606 0.0417 0.00
2012030607 0.0417 2.18
2012030608 0.0417 0.00
2012030609 0.0417 2.68
2012030610 0.0417 0.00
2012030611 0.0417 0.00
2012030612 0.0417 2.47
2012030613 0.0417 2.25
2012030614 0.0417 0.00
2012030615 0.0417 2.15
2012030616 0.0417 2.18
2012030617 0.0417 2.28
2012030618 0.0417 0.00
2012030619 0.0417 7.23
2012030620 0.0417 3.00
2012030621 0.0417 4.67
2012030622 0.0417 2.59
2012030623 0.0417 2.34
2012030624 0.0417 1.55
2012030701 0.0417 1.77
2012030702 0.0417 10.16
2012030703 0.0417 2.28
2012030704 0.0417 2.45
2012030705 0.0417 2.79
2012030706 0.0417 0.00
2012030707 0.0417 9.27
2012030708 0.0417 10.59
2012030709 0.0417 3.37
2012030710 0.0417 0.00
2012030711 0.0417 0.00
2012030712 0.0417 0.00
2012030713 0.0417 0.00
2012030714 0.0417 0.00
2012030715 0.0417 14.48
2012030716 0.0417 0.00
2012030717 0.0417 2.50
2012030718 0.0417 9.01
2012030719 0.0417 8.41
2012030720 0.0417 0.19
2012030721 0.0417 0.00
2012030722 0.0417 0.00
2012030723 0.0417 1.55
2012030724 0.0417 2.80
2012030801 0.0417 0.81
2012030802 0.0417 1.43
2012030803 0.0417 1.51
2012030804 0.0417 2.40
2012030805 0.0417 2.71
2012030806 0.0417 1.61
2012030807 0.0417 2.17
2012030808 0.0417 1.45
2012030809 0.0417 2.76
2012030810 0.0417 0.00
2012030811 0.0417 2.59
2012030812 0.0417 2.16
2012030813 0.0417 2.16
2012030814 0.0417 0.00
2012030815 0.0417 2.04
2012030816 0.0417 2.26
2012030817 0.0417 2.19
2012030818 0.0417 0.00
2012030819 0.0417 9.09
2012030820 0.0417 0.00
2012030821 0.0417 4.14
2012030822 0.0417 2.54
2012030823 0.0417 2.69
2012030824 0.0417 2.14
2012030901 0.0417 3.23
2012030902 0.0417 1.53
2012030903 0.0417 2.58
2012030904 0.0417 2.69
2012030905 0.0417 1.95
2012030906 0.0417 2.42
2012030907 0.0417 2.58
2012030908 0.0417 2.34
2012030909 0.0417 3.16
2012030910 0.0417 3.84
2012030911 0.0417 0.00
2012030912 0.0417 2.05
2012030913 0.0417 2.17
2012030914 0.0417 2.02
2012030915 0.0417 2.24
2012030916 0.0417 2.02
2012030917 0.0417 0.00
2012030918 0.0417 2.05
2012030919 0.0417 8.88
2012030920 0.0417 8.98
2012030921 0.0417 8.02
2012030922 0.0417 3.42
2012030923 0.0417 2.66
2012030924 0.0417 2.09
2012031001 0.0417 2.51
2012031002 0.0417 1.73
2012031003 0.0417 2.66
2012031004 0.0417 2.51
2012031005 0.0417 1.96
2012031006 0.0417 1.78
2012031007 0.0417 1.32
2012031008 0.0417 2.58
2012031009 0.0417 1.74
2012031010 0.0417 0.00
2012031011 0.0417 2.61
2012031012 0.0417 2.05
2012031013 0.0417 0.00
2012031014 0.0417 2.24
2012031015 0.0417 0.00
2012031016 0.0417 2.11
2012031017 0.0417 0.00
2012031018 0.0417 2.35
2012031019 0.0417 9.09
2012031020 0.0417 8.83
2012031021 0.0417 14.12
2012031022 0.0417 2.61
2012031023 0.0417 2.24
2012031024 0.0417 2.88
2012031101 0.0417 2.45
2012031102 0.0417 2.20
2012031103 0.0417 2.83
2012031104 0.0417 2.27
2012031105 0.0417 1.86
2012031106 0.0417 2.46
2012031107 0.0417 2.12
2012031108 0.0417 1.66
2012031109 0.0417 14.24
2012031110 0.0417 0.00
2012031111 0.0417 0.00
2012031112 0.0417 0.00
2012031113 0.0417 0.00
2012031114 0.0417 0.00
2012031115 0.0417 0.00
2012031116 0.0417 0.00
2012031117 0.0417 0.00
2012031118 0.0417 2.37
2012031119 0.0417 0.00
2012031120 0.0417 0.00
2012031121 0.0417 2.07
2012031122 0.0417 2.45
2012031123 0.0417 2.62
2012031124 0.0417 1.98
2012031201 0.0417 2.80
2012031202 0.0417 2.06
2012031203 0.0417 3.17
2012031204 0.0417 1.97
2012031205 0.0417 1.72
2012031206 0.0417 1.49
2012031207 0.0417 1.51
2012031208 0.0417 8.49
2012031209 0.0417 0.00
2012031210 0.0417 0.00
2012031211 0.0417 7.95
2012031212 0.0417 1.26
2012031213 0.0417 1.99
2012031214 0.0417 2.22
2012031215 0.0417 2.19
2012031216 0.0417 2.12
2012031217 0.0417 2.05
2012031218 0.0417 6.74
2012031219 0.0417 0.00
2012031220 0.0417 3.73
2012031221 0.0417 2.16
2012031222 0.0417 2.06
2012031223 0.0417 2.26
2012031224 0.0417 2.09
2012031301 0.0417 2.06
2012031302 0.0417 2.29
2012031303 0.0417 2.44
2012031304 0.0417 1.61
2012031305 0.0417 2.40
2012031306 0.0417 2.56
2012031307 0.0417 1.73
2012031308 0.0417 1.18
2012031309 0.0417 0.00
2012031310 0.0417 2.84
2012031311 0.0417 4.85
2012031312 0.0417 2.23
2012031313 0.0417 2.03
2012031314 0.0417 0.00
2012031315 0.0417 2.06
2012031316 0.0417 2.12
2012031317 0.0417 2.19
2012031318 0.0417 0.00
2012031319 0.0417 0.00
2012031320 0.0417 0.00
2012031321 0.0417 3.50
2012031322 0.0417 2.23
2012031323 0.0417 2.73
2012031324 0.0417 2.77
2012031401 0.0417 2.68
2012031402 0.0417 2.46
2012031403 0.0417 1.19
2012031404 0.0417 0.00
2012031405 0.0417 1.65
2012031406 0.0417 1.36
2012031407 0.0417 2.27
2012031408 0.0417 2.54
2012031409 0.0417 2.66
2012031410 0.0417 0.00
2012031411 0.0417 0.00
2012031412 0.0417 0.00
2012031413 0.0417 0.00
2012031414 0.0417 0.00
2012031415 0.0417 0.00
2012031416 0.0417 0.00
2012031417 0.0417 0.00
2012031418 0.0417 0.00
2012031419 0.0417 1.13
2012031420 0.0417 0.00
2012031421 0.0417 2.13
2012031422 0.0417 1.92
2012031423 0.0417 10.94
2012031424 0.0417 0.47
2012031501 0.0417 0.32
2012031502 0.0417 4.97
2012031503 0.0417 0.00
2012031504 0.0417 1.62
2012031505 0.0417 3.00
2012031506 0.0417 1.37
2012031507 0.0417 0.56
2012031508 0.0417 1.62
2012031509 0.0417 2.07
2012031510 0.0417 0.00
2012031511 0.0417 0.00
2012031512 0.0417 2.89
2012031513 0.0417 0.00
2012031514 0.0417 0.00
2012031515 0.0417 0.00
2012031516 0.0417 0.00
2012031517 0.0417 2.36
2012031518 0.0417 8.13
2012031519 0.0417 9.52
2012031520 0.0417 0.00
2012031521 0.0417 4.81
2012031522 0.0417 2.45
2012031523 0.0417 2.38
2012031524 0.0417 1.58
2012031601 0.0417 0.65
2012031602 0.0417 1.78
2012031603 0.0417 2.13
2012031604 0.0417 0.82
2012031605 0.0417 1.28
2012031606 0.0417 1.80
2012031607 0.0417 2.14
2012031608 0.0417 2.20
2012031609 0.0417 1.83
2012031610 0.0417 5.35
2012031611 0.0417 2.14
2012031612 0.0417 2.11
2012031613 0.0417 2.18
2012031614 0.0417 0.00
2012031615 0.0417 2.22
2012031616 0.0417 2.04
2012031617 0.0417 2.07
2012031618 0.0417 0.00
2012031619 0.0417 0.00
2012031620 0.0417 12.63
2012031621 0.0417 2.43
2012031622 0.0417 0.00
2012031623 0.0417 3.01
2012031624 0.0417 2.95
2012031701 0.0417 0.59
2012031702 0.0417 0.00
2012031703 0.0417 10.05
2012031704 0.0417 0.00
2012031705 0.0417 0.12
2012031706 0.0417 1.76
2012031707 0.0417 0.76
2012031708 0.0417 2.18
2012031709 0.0417 12.63
2012031710 0.0417 12.63
2012031711 0.0417 0.00
2012031712 0.0417 0.00
2012031713 0.0417 0.00
2012031714 0.0429 0.00
2012031715 0.0428 2.48
2012031716 0.0428 2.04
2012031717 0.0427 0.00
2012031718 0.0427 0.00
2012031719 0.0427 7.92
2012031720 0.0426 11.48
2012031721 0.0426 2.34
2012031722 0.0426 2.07
2012031723 0.0425 2.14
2012031724 0.0425 0.00
2012031801 0.0425 5.51
2012031802 0.0424 0.00
2012031803 0.0424 1.69
2012031804 0.0424 3.02
2012031805 0.0423 1.82
2012031806 0.0423 3.20
2012031807 0.0423 1.16
2012031808 0.0423 2.28
2012031809 0.0423 7.07
2012031810 0.0422 0.00
2012031811 0.0422 2.50
2012031812 0.0422 0.00
2012031813 0.0422 2.50
2012031814 0.0422 2.07
2012031815 0.0421 0.00
2012031816 0.0421 2.35
2012031817 0.0421 0.00
2012031818 0.0421 2.55
2012031819 0.0421 0.00
2012031820 0.0421 3.82
2012031821 0.0421 2.27
2012031822 0.0420 2.22
2012031823 0.0420 1.36
2012031824 0.0420 3.02
2012031901 0.0420 2.00
2012031902 0.0420 0.02
2012031903 0.0420 1.22
2012031904 0.0420 0.76
2012031905 0.0419 0.02
2012031906 0.0419 2.57
2012031907 0.0419 9.28
2012031908 0.0419 0.00
2012031909 0.0419 0.00
2012031910 0.0419 0.00
2012031911 0.0419 0.00
2012031912 0.0419 3.95
2012031913 0.0419 12.23
2012031914 0.0419 0.00
2012031915 0.0419 4.37
2012031916 0.0419 0.00
2012031917 0.0419 0.00
2012031918 0.0419 0.00
2012031919 0.0418 0.00
2012031920 0.0418 0.00
2012031921 0.0418 0.00
2012031922 0.0418 0.00
2012031923 0.0418 0.65
2012031924 0.0418 0.00
2012032001 0.0418 1.52
2012032002 0.0418 0.01
2012032003 0.0418 0.49
2012032004 0.0418 13.38
2012032005 0.0418 0.00
2012032006 0.0418 11.69
2012032007 0.0418 0.00
2012032008 0.0418 1.27
2012032009 0.0418 11.85
2012032010 0.0418 11.85
2012032011 0.0418 3.70
2012032012 0.0418 0.00
2012032013 0.0418 11.85
2012032014 0.0418 11.85
2012032015 0.0418 11.85
2012032016 0.0418 0.00
2012032017 0.0418 3.39
2012032018 0.0418 3.39
2012032019 0.0418 0.00
2012032020 0.0418 0.00
2012032021 0.0418 0.00
2012032022 0.0418 0.00
2012032023 0.0418 1.97
2012032024 0.0418 1.74
2012032101 0.0417 1.36
2012032102 0.0417 1.35
2012032103 0.0417 3.39
2012032104 0.0417 2.49
2012032105 0.0417 3.10
2012032106 0.0417 2.41
2012032107 0.0417 0.00
2012032108 0.0417 0.00
2012032109 0.0417 2.25
2012032110 0.0417 0.00
2012032111 0.0417 0.00
2012032112 0.0417 2.96
2012032113 0.0417 3.12
2012032114 0.0417 0.00
2012032115 0.0417 0.00
2012032116 0.0417 11.85
2012032117 0.0417 0.00
2012032118 0.0417 0.00
2012032119 0.0417 9.90
2012032120 0.0417 9.88
2012032121 0.0417 0.00
2012032122 0.0417 0.00
2012032123 0.0417 0.00
2012032124 0.0417 0.00
2012032201 0.0417 9.74
2012032202 0.0417 0.00
2012032203 0.0417 0.00
2012032204 0.0417 0.00
2012032205 0.0417 0.00
2012032206 0.0417 1.08
2012032207 0.0417 2.29
2012032208 0.0417 5.69
2012032209 0.0417 0.00
2012032210 0.0417 11.50
2012032211 0.0417 2.67
2012032212 0.0417 2.80
2012032213 0.0417 2.17
2012032214 0.0417 2.61
2012032215 0.0417 0.00
2012032216 0.0418 0.00
2012032217 0.0418 0.00
2012032218 0.0418 2.21
2012032219 0.0418 0.00
2012032220 0.0418 2.35
2012032221 0.0418 2.02
2012032222 0.0418 0.00
2012032223 0.0418 1.02
2012032224 0.0418 0.00
2012032301 0.0418 4.02
2012032302 0.0418 4.21
2012032303 0.0418 9.84
2012032304 0.0418 0.00
2012032305 0.0418 12.02
2012032306 0.0418 0.00
2012032307 0.0418 1.75
2012032308 0.0417 0.00
2012032309 0.0417 2.35
2012032310 0.0417 4.79
2012032311 0.0417 0.00
2012032312 0.0417 2.61
2012032313 0.0417 0.00
2012032314 0.0425 2.09
2012032315 0.0425 11.50
2012032316 0.0425 2.17
2012032317 0.0425 2.02
2012032318 0.0424 2.09
2012032319 0.0424 0.00
2012032320 0.0424 2.74
2012032321 0.0424 2.13
2012032322 0.0423 1.55
2012032323 0.0423 2.61
2012032324 0.0423 0.00
2012032401 0.0423 0.00
2012032402 0.0423 2.45
2012032403 0.0423 2.25
2012032404 0.0422 0.00
2012032405 0.0422 0.00
2012032406 0.0422 1.36
2012032407 0.0422 11.50
2012032408 0.0422 2.80
2012032409 0.0422 0.00
2012032410 0.0421 1.32
2012032411 0.0421 0.00
2012032412 0.0421 0.32
2012032413 0.0421 3.16
2012032414 0.0421 2.32
2012032415 0.0421 2.40
2012032416 0.0421 2.35
2012032417 0.0421 2.13
2012032418 0.0420 0.00
2012032419 0.0420 0.00
2012032420 0.0420 11.13
2012032421 0.0420 2.93
2012032422 0.0420 2.06
2012032423 0.0420 2.18
2012032424 0.0420 1.15
2012032501 0.0420 1.07
2012032502 0.0420 2.00
2012032503 0.0420 1.69
2012032504 0.0419 0.00
2012032505 0.0419 1.85
2012032506 0.0419 2.04
2012032507 0.0419 1.84
2012032508 0.0419 0.47
2012032509 0.0419 7.05
2012032510 0.0419 2.14
2012032511 0.0419 2.18
2012032512 0.0419 2.10
2012032513 0.0419 2.23
2012032514 0.0419 2.42
2012032515 0.0419 2.32
2012032516 0.0419 2.10
2012032517 0.0419 2.10
2012032518 0.0419 2.10
2012032519 0.0419 0.00
2012032520 0.0418 0.00
2012032521 0.0418 0.00
2012032522 0.0418 0.00
2012032523 0.0418 2.42
2012032524 0.0418 2.53
2012032601 0.0418 2.10
2012032602 0.0418 0.00
2012032603 0.0418 0.00
2012032604 0.0418 6.35
2012032605 0.0418 2.85
2012032606 0.0418 0.00
2012032607 0.0418 0.00
2012032608 0.0418 0.00
2012032609 0.0418 7.22
2012032610 0.0418 0.95
2012032611 0.0418 0.00
2012032612 0.0418 5.98
2012032613 0.0418 0.00
2012032614 0.0418 0.00
2012032615 0.0418 10.77
2012032616 0.0418 0.00
2012032617 0.0418 0.00
2012032618 0.0418 3.63
2012032619 0.0418 0.31
2012032620 0.0418 0.00
2012032621 0.0418 2.50
2012032622 0.0418 0.00
2012032623 0.0418 0.00
2012032624 0.0418 4.68
2012032701 0.0418 0.00
2012032702 0.0418 0.22
2012032703 0.0418 0.00
2012032704 0.0417 5.60
2012032705 0.0417 0.00
2012032706 0.0417 0.00
2012032707 0.0417 0.00
2012032708 0.0417 0.00
2012032709 0.0417 2.29
2012032710 0.0417 1.99
2012032711 0.0417 0.00
2012032712 0.0417 0.00
2012032713 0.0417 0.00
2012032714 0.0417 3.26
2012032715 0.0417 0.00
2012032716 0.0417 0.00
2012032717 0.0417 2.11
2012032718 0.0417 0.00
2012032719 0.0417 0.00
2012032720 0.0417 0.00
2012032721 0.0417 2.24
2012032722 0.0417 2.20
2012032723 0.0417 2.07
2012032724 0.0417 2.11
2012032801 0.0417 1.99
2012032802 0.0417 3.01
2012032803 0.0417 0.00
2012032804 0.0417 1.15
2012032805 0.0417 2.76
2012032806 0.0417 2.20
2012032807 0.0417 2.03
2012032808 0.0417 2.24
2012032809 0.0417 1.99
2012032810 0.0417 2.03
2012032811 0.0417 2.07
2012032812 0.0417 0.00
2012032813 0.0487 0.00
2012032814 0.0594 2.76
2012032815 0.0738 0.00
2012032816 0.0793 2.20
2012032817 0.0778 2.11
2012032818 0.0763 2.34
2012032819 0.0749 0.00
2012032820 0.0736 6.98
2012032821 0.0723 2.34
2012032822 0.0711 2.76
2012032823 0.0700 2.43
2012032824 0.0689 2.77
2012032901 0.0689 2.43
2012032902 0.0678 0.45
2012032903 0.0667 1.21
2012032904 0.0657 0.11
2012032905 0.0647 5.13
2012032906 0.0638 0.00
2012032907 0.0629 0.00
2012032908 0.0620 0.00
2012032909 0.0612 10.77
2012032910 0.0604 3.47
2012032911 0.0597 0.00
2012032912 0.0650 10.77
2012032913 0.4168 0.00
2012032914 0.9722 10.77
2012032915 0.5026 0.00
2012032916 0.2957 0.00
2012032917 0.2024 0.00
2012032918 0.1959 10.77
2012032919 0.1897 0.00
2012032920 0.1838 0.00
2012032921 0.1781 0.00
2012032922 0.1727 0.00
2012032923 0.1675 0.00
2012032924 0.1625 0.00
2012033001 0.1628 10.77
2012033002 0.1577 8.82
2012033003 0.1529 2.55
2012033004 0.1483 0.00
2012033005 0.1495 0.00
2012033006 0.1397 0.00
2012033007 0.1357 5.19
2012033008 0.4550 0.00
2012033009 0.8021 0.00
2012033010 0.9613 10.38
2012033011 1.2601 0.00
2012033012 1.0880 0.00
2012033013 0.6163 0.00
2012033014 0.4380 4.72
2012033015 0.5127 0.00
2012033016 0.5495 0.00
2012033017 0.5058 0.00
2012033018 0.3906 10.77
2012033019 0.3731 4.31
2012033020 0.3620 0.00
2012033021 0.3147 5.13
2012033022 0.3032 5.38
2012033023 0.2923 5.67
2012033024 0.2818 3.59
2012033101 0.2791 3.47
2012033102 0.2687 3.73
2012033103 0.2589 2.14
2012033104 0.2495 2.95
2012033105 0.2406 0.00
2012033106 0.2320 5.38
2012033107 0.2239 3.85
2012033108 0.2162 3.47
2012033109 0.2088 3.36
2012033110 0.2017 3.36
2012033111 0.1950 3.47
2012033112 0.1938 3.26
2012033113 0.1897 3.17
2012033114 0.1834 3.36
2012033115 0.1774 3.36
2012033116 0.1717 2.91
2012033117 0.1662 2.83
2012033118 0.1610 2.56
2012033119 0.1560 3.36
2012033120 0.1513 2.69
2012033121 0.1467 0.00
2012033122 0.1424 2.91
2012033123 0.1382 2.83
2012033124 0.1343 1.39
2012040101 0.1295 0.00
2012040102 0.1259 2.86
2012040103 0.1226 0.77
2012040104 0.1193 0.86
2012040105 0.1162 0.00
2012040106 0.1133 3.71
2012040107 0.1105 0.00
2012040108 0.1077 10.77
2012040109 0.1052 0.00
2012040110 0.1027 0.00
2012040111 0.1003 0.00
2012040112 0.0980 3.47
2012040113 0.0958 0.00
2012040114 0.0937 10.77
2012040115 0.0917 2.91
2012040116 0.0898 0.00
2012040117 0.0879 0.00
2012040118 0.0862 0.00
2012040119 0.0845 2.45
2012040120 0.0828 2.29
2012040121 0.0813 2.24
2012040122 0.0798 2.29
2012040123 0.0783 2.29
2012040124 0.0770 0.00
2012040201 0.0753 2.99
2012040202 0.0741 0.00
2012040203 0.0729 2.36
2012040204 0.0717 2.94
2012040205 0.0706 0.00
2012040206 0.0695 0.00
2012040207 0.0685 0.00
2012040208 0.0675 2.45
2012040209 0.0666 0.00
2012040210 0.0657 0.00
2012040211 0.0648 3.85
2012040212 0.0640 0.00
2012040213 0.0632 10.77
2012040214 0.0624 0.00
2012040215 0.0616 5.13
2012040216 0.0609 10.77
2012040217 0.0602 0.00
2012040218 0.0596 0.00
2012040219 0.0589 0.57
2012040220 0.0583 0.00
2012040221 0.0577 3.08
2012040222 0.0571 2.20
2012040223 0.0566 2.29
2012040224 0.0561 1.52
2012040301 0.0552 3.83
2012040302 0.0548 1.27
2012040303 0.0543 2.26
2012040304 0.0539 1.19
2012040305 0.0535 2.85
2012040306 0.0531 4.51
2012040307 0.0527 2.53
2012040308 0.0523 0.00
2012040309 0.0519 0.00
2012040310 0.0516 0.00
2012040311 0.0512 2.69
2012040312 0.0509 0.00
2012040313 0.0506 0.00
2012040314 0.0503 5.38
2012040315 0.0502 0.00
2012040316 0.0499 0.00
2012040317 0.0496 4.68
2012040318 0.0494 0.00
2012040319 0.0491 9.47
2012040320 0.0489 0.00
2012040321 0.0486 3.71
2012040322 0.0484 0.00
2012040323 0.0482 0.00
2012040324 0.0479 5.13
2012040401 0.0475 0.00
2012040402 0.0473 3.01
2012040403 0.0471 4.10
2012040404 0.0470 4.51
2012040405 0.0468 2.51
2012040406 0.0466 4.23
2012040407 0.0465 4.90
2012040408 0.0463 5.93
2012040409 0.0462 5.01
2012040410 0.0460 5.36
2012040411 0.0459 10.77
2012040412 0.0458 0.00
2012040413 0.0456 6.33
2012040414 0.0455 0.00
2012040415 0.0454 0.00
2012040416 0.0453 5.13
2012040417 0.0451 0.00
2012040418 0.0450 10.77
2012040419 0.0449 0.00
2012040420 0.0448 0.00
2012040421 0.0447 0.00
2012040422 0.0446 6.73
2012040423 0.0445 10.77
2012040424 0.0444 0.00
2012040501 0.0444 3.47
2012040502 0.0443 0.00
2012040503 0.0442 0.00
2012040504 0.0441 0.00
2012040505 0.0440 0.00
2012040506 0.0440 3.47
2012040507 0.0439 0.00
2012040508 0.0438 4.14
2012040509 0.0438 0.00
2012040510 0.0437 5.38
2012040511 0.0436 0.00
2012040512 0.0436 9.79
2012040513 0.0435 0.00
2012040514 0.0435 0.00
2012040515 0.0434 0.00
2012040516 0.0433 10.77
2012040517 0.0433 4.49
2012040518 0.0432 2.01
2012040519 0.0432 0.38
2012040520 0.0432 5.67
2012040521 0.0431 3.08
2012040522 0.0431 2.50
2012040523 0.0430 0.00
2012040524 0.0430 1.98
2012040601 0.0430 2.11
2012040602 0.0429 0.53
2012040603 0.0429 1.43
2012040604 0.0429 1.74
2012040605 0.0428 3.36
2012040606 0.0428 0.00
2012040607 0.0427 2.50
2012040608 0.0427 2.45
2012040609 0.0427 2.50
2012040610 0.0426 2.39
2012040611 0.0426 2.34
2012040612 0.0426 2.45
2012040613 0.0426 2.29
2012040614 0.0425 0.00
2012040615 0.0426 2.50
2012040616 0.0425 2.56
2012040617 0.0425 0.00
2012040618 0.0425 2.91
2012040619 0.0425 0.18
2012040620 0.0424 0.00
2012040621 0.0424 0.00
2012040622 0.0424 2.63
2012040623 0.0424 2.45
2012040624 0.0423 2.45
2012040701 0.0423 0.00
2012040702 0.0423 2.99
2012040703 0.0423 2.34
2012040704 0.0423 2.29
2012040705 0.0422 0.00
2012040706 0.0422 2.69
2012040707 0.0422 2.34
2012040708 0.0422 2.20
2012040709 0.0422 2.29
2012040710 0.0422 2.03
2012040711 0.0421 2.56
2012040712 0.0421 1.36
2012040713 0.0421 2.28
2012040714 0.0421 3.99
2012040715 0.0421 2.76
2012040716 0.0421 2.20
2012040717 0.0421 2.39
2012040718 0.0421 2.39
2012040719 0.0420 0.21
2012040720 0.0420 0.00
2012040721 0.0420 2.50
2012040722 0.0420 2.34
2012040723 0.0420 2.34
2012040724 0.0420 2.45
2012040801 0.0420 0.00
2012040802 0.0420 2.25
2012040803 0.0420 0.81
2012040804 0.0420 0.00
2012040805 0.0419 0.00
2012040806 0.0419 0.00
2012040807 0.0419 2.56
2012040808 0.0419 4.27
2012040809 0.0419 0.00
2012040810 0.0419 2.41
2012040811 0.0419 0.00
2012040812 0.0419 10.38
2012040813 0.0419 0.00
2012040814 0.0419 2.45
2012040815 0.0422 2.20
2012040816 0.0432 0.00
2012040817 0.0431 2.63
2012040818 0.0431 0.00
2012040819 0.0430 1.55
2012040820 0.0430 0.00
2012040821 0.0430 2.31
2012040822 0.0429 0.00
2012040823 0.0429 0.00
2012040824 0.0428 2.88
2012040901 0.0428 0.00
2012040902 0.0427 0.63
2012040903 0.0427 0.00
2012040904 0.0427 1.63
2012040905 0.0426 4.94
2012040906 0.0426 0.00
2012040907 0.0426 0.00
2012040908 0.0425 3.05
2012040909 0.0425 3.05
2012040910 0.0425 0.00
2012040911 0.0425 0.00
2012040912 0.0424 0.77
2012040913 0.0424 1.28
2012040914 0.0428 0.00
2012040915 0.0467 2.81
2012040916 0.0512 2.41
2012040917 0.0508 0.00
2012040918 0.0504 0.00
2012040919 0.0501 1.42
2012040920 0.0497 0.00
2012040921 0.0494 0.00
2012040922 0.0491 2.73
2012040923 0.0488 2.26
2012040924 0.0485 2.21
2012041001 0.0483 2.41
2012041002 0.0480 2.36
2012041003 0.0478 0.00
2012041004 0.0475 0.00
2012041005 0.0473 0.00
2012041006 0.0471 0.00
2012041007 0.0469 3.58
2012041008 0.0467 3.15
2012041009 0.0465 0.00
2012041010 0.0463 0.86
2012041011 0.0561 0.46
2012041012 0.2374 1.60
2012041013 0.0942 3.24
2012041014 0.1171 0.00
2012041015 0.1329 3.46
2012041016 0.1381 3.35
2012041017 0.1349 0.00
2012041018 0.1306 0.00
2012041019 0.1308 11.41
2012041020 0.1227 0.48
2012041021 0.1191 0.00
2012041022 0.1156 4.33
2012041023 0.1123 1.98
2012041024 0.1092 1.56
2012041101 0.1106 3.90
2012041102 0.1074 1.33
2012041103 0.1043 2.19
2012041104 0.3824 4.21
2012041105 0.2169 11.39
2012041106 0.0960 2.73
2012041107 0.0935 12.10
2012041108 0.2278 5.60
2012041109 0.2456 0.00
2012041110 0.2300 3.48
2012041111 0.2700 4.38
2012041112 0.9126 1.84
2012041113 2.3531 0.00
2012041114 1.3109 4.23
2012041115 1.3192 6.30
2012041116 0.7744 6.72
2012041117 0.5859 6.30
2012041118 1.5641 7.20
2012041119 1.3813 8.40
2012041120 0.2978 10.08
2012041121 0.2855 10.08
2012041122 0.2739 10.08
2012041123 0.2629 10.38
2012041124 0.2524 1.53
2012041201 0.2498 10.64
2012041202 0.2399 11.47
2012041203 0.2305 11.12
2012041204 0.2216 11.80
2012041205 0.2131 10.62
2012041206 0.2051 11.41
2012041207 0.1976 10.38
2012041208 0.1904 15.51
2012041209 0.1878 9.44
2012041210 0.1982 11.67
2012041211 0.4181 11.45
2012041212 0.4503 11.60
2012041213 0.7300 10.08
2012041214 0.4649 11.72
2012041215 0.4903 12.35
2012041216 0.2123 2.38
2012041217 0.1416 8.40
2012041218 0.1371 8.40
2012041219 0.1329 2.83
2012041220 0.1289 9.00
2012041221 0.1250 9.17
2012041222 0.1214 0.00
2012041223 0.1179 7.52
2012041224 0.1146 7.60
2012041301 0.1175 11.55
2012041302 0.1140 3.85
2012041303 0.1106 7.48
2012041304 0.1075 7.38
2012041305 0.1045 7.28
2012041306 0.1016 6.67
2012041307 0.0989 5.58
2012041308 0.0963 6.90
2012041309 0.0939 9.17
2012041310 0.0915 2.53
2012041311 0.0920 2.53
2012041312 0.1162 0.00
2012041313 0.1825 7.20
2012041314 0.2600 10.08
2012041315 0.3186 5.93
2012041316 0.3274 5.93
2012041317 0.3076 5.93
2012041318 0.2941 2.41
2012041319 0.2815 11.67
2012041320 0.2695 1.80
2012041321 0.2582 10.08
2012041322 0.2476 5.93
2012041323 0.2375 4.29
2012041324 0.2279 4.37
2012041401 0.2201 4.52
2012041402 0.2115 2.33
2012041403 0.2033 4.36
2012041404 0.1955 5.04
2012041405 0.1881 4.75
2012041406 0.1812 11.66
2012041407 0.1746 4.12
2012041408 0.1683 4.42
2012041409 0.1623 7.64
2012041410 0.4609 4.67
2012041411 1.5880 3.57
2012041412 1.4371 3.11
2012041413 1.4048 5.16
2012041414 1.0313 4.90
2012041415 0.3636 3.36
2012041416 0.3939 4.82
2012041417 0.1906 8.73
2012041418 0.1829 6.13
2012041419 0.1758 11.90
2012041420 0.1690 2.09
2012041421 0.1626 6.13
2012041422 0.1565 6.53
2012041423 0.1508 6.13
2012041424 0.1454 6.08
2012041501 0.1441 6.16
2012041502 0.1389 6.12
2012041503 0.1340 6.31
2012041504 0.1294 6.31
2012041505 0.1250 5.86
2012041506 0.1208 5.49
2012041507 0.1169 5.29
2012041508 0.1132 6.13
2012041509 0.1097 6.13
2012041510 0.5315 5.76
2012041511 0.6379 6.13
2012041512 0.3790 5.76
2012041513 0.5156 6.13
2012041514 0.6315 5.76
2012041515 0.7009 6.53
2012041516 0.9061 7.54
2012041517 0.6738 8.17
2012041518 0.6419 8.91
2012041519 0.6118 11.68
2012041520 0.5834 11.89
2012041521 0.5565 9.80
2012041522 0.5310 9.80
2012041523 0.5070 2.12
2012041524 0.4842 20.07
2012041601 0.4626 3.31
2012041602 0.4421 15.88
2012041603 0.4228 9.29
2012041604 0.4045 9.19
2012041605 0.3871 8.51
2012041606 0.3706 8.30
2012041607 0.3550 12.57
2012041608 0.4486 7.54
2012041609 0.3642 8.17
2012041610 0.3184 8.91
2012041611 0.3056 7.75
2012041612 0.3270 2.18
2012041613 0.3556 9.80
2012041614 0.3720 9.80
2012041615 0.3774 9.80
2012041616 0.3608 7.00
2012041617 0.3449 0.00
2012041618 0.3299 8.46
2012041619 0.3156 1.91
2012041620 0.3022 0.00
2012041621 0.2895 10.08
2012041622 0.2774 8.40
2012041623 0.2660 9.18
2012041624 0.2552 12.45
2012041701 0.2515 12.43
2012041702 0.2412 11.84
2012041703 0.2315 12.07
2012041704 0.2222 8.07
2012041705 0.2135 12.27
2012041706 0.2052 7.37
2012041707 0.1973 7.56
2012041708 0.1899 7.65
2012041709 0.1828 7.54
2012041710 0.1761 9.63
2012041711 0.1697 6.53
2012041712 0.1638 7.00
2012041713 0.1766 7.54
2012041714 0.2342 7.54
2012041715 0.2762 7.20
2012041716 0.2857 7.20
2012041717 0.2762 7.76
2012041718 0.2643 11.98
2012041719 0.2531 1.93
2012041720 0.2425 12.30
2012041721 0.2325 7.00
2012041722 0.2231 7.00
2012041723 0.2141 7.20
2012041724 0.2057 6.40
2012041801 0.2017 6.67
2012041802 0.1937 6.38
2012041803 0.1862 2.50
2012041804 0.1790 6.43
2012041805 0.1723 5.59
2012041806 0.1659 6.54
2012041807 0.1598 11.91
2012041808 0.1540 5.97
2012041809 0.1486 7.00
2012041810 0.1547 2.00
2012041811 0.1751 6.32
2012041812 0.1846 6.53
2012041813 0.2121 6.53
2012041814 0.2707 6.53
2012041815 0.2985 7.00
2012041816 0.1545 6.53
2012041817 0.1240 6.53
2012041818 0.1158 7.00
2012041819 0.1121 10.20
2012041820 0.1086 8.91
2012041821 0.1053 8.17
2012041822 0.1021 8.40
2012041823 0.0991 8.20
2012041824 0.0963 8.31
2012041901 0.0959 8.19
2012041902 0.0932 8.15
2012041903 0.0906 8.37
2012041904 0.0881 8.01
2012041905 0.0858 8.31
2012041906 0.0836 7.84
2012041907 0.0815 7.95
2012041908 0.0796 7.54
2012041909 0.2439 8.17
2012041910 0.3535 11.99
2012041911 0.4256 7.54
2012041912 0.8127 8.91
2012041913 0.6376 8.17
2012041914 0.5077 8.17
2012041915 0.3633 10.08
2012041916 0.2554 10.08
2012041917 0.2046 10.08
2012041918 0.1564 10.08
2012041919 0.1495 12.10
2012041920 0.1431 20.17
2012041921 0.1371 10.08
2012041922 0.1315 10.08
2012041923 0.1263 14.29
2012041924 0.1214 13.58
2012042001 0.1205 13.07
2012042002 0.1157 10.48
2012042003 0.1113 13.90
2012042004 0.1072 13.39
2012042005 0.1033 11.96
2012042006 0.0996 9.81
2012042007 0.0962 1.58
2012042008 0.0931 10.08
2012042009 0.2324 10.08
2012042010 0.1480 10.08
2012042011 0.2255 10.08
2012042012 0.3316 10.08
2012042013 0.3901 10.08
2012042014 0.4573 1.78
2012042015 0.4844 11.84
2012042016 0.5025 20.17
2012042017 0.7004 10.08
2012042018 0.4820 10.08
2012042019 0.4563 14.35
2012042020 0.4322 14.27
2012042021 0.4096 10.08
2012042022 0.3885 10.38
2012042023 0.3686 14.84
2012042024 0.3500 14.80
2012042101 0.3514 14.63
2012042102 0.3328 14.18
2012042103 0.3154 11.74
2012042104 0.2992 5.11
2012042105 0.2839 11.60
2012042106 0.2696 14.92
2012042107 0.2562 11.81
2012042108 0.2437 10.38
2012042109 0.2319 14.74
2012042110 0.2479 11.75
2012042111 0.3707 11.58
2012042112 0.4699 11.07
2012042113 0.5567 10.38
2012042114 0.6441 10.38
2012042115 0.7082 20.77
2012042116 0.7128 20.77
2012042117 0.7085 20.77
2012042118 0.6680 10.62
2012042119 0.6299 18.31
2012042120 0.5944 21.73
2012042121 0.5611 19.22
2012042122 0.5299 10.38
2012042123 0.5008 21.72
2012042124 0.4735 17.94
2012042201 0.4740 16.54
2012042202 0.4466 17.36
2012042203 0.4210 16.43
2012042204 0.3972 16.11
2012042205 0.3750 15.06
2012042206 0.3542 14.75
2012042207 0.3349 10.13
2012042208 0.3193 11.11
2012042209 0.3579 10.38
2012042210 0.5017 10.80
2012042211 0.6697 10.86
2012042212 0.6455 11.78
2012042213 0.8205 10.38
2012042214 0.9569 10.38
2012042215 1.0399 10.38
2012042216 1.0401 10.77
2012042217 0.9760 10.77
2012042218 0.9141 21.86
2012042219 0.8566 22.02
2012042220 0.8032 21.89
2012042221 0.7536 11.24
2012042222 0.7076 20.10
2012042223 0.6647 20.47
2012042224 0.6798 13.29
2012042301 0.6381 22.45
2012042302 0.5782 22.20
2012042303 0.5732 19.51
2012042304 0.5539 18.92
2012042305 0.5568 22.24
2012042306 0.4492 20.52
2012042307 0.4225 22.23
2012042308 0.3978 11.60
2012042309 0.5669 22.84
2012042310 0.3884 21.47
2012042311 0.4340 21.76
2012042312 0.5632 22.03
2012042313 1.3938 21.53
2012042314 1.0548 27.04
2012042315 1.1358 25.92
2012042316 0.7112 25.96
2012042317 0.6648 28.21
2012042318 0.6772 28.81
2012042319 0.6156 21.95
2012042320 0.5411 30.16
2012042321 0.5062 29.73
2012042322 0.4740 29.37
2012042323 0.4505 25.18
2012042324 0.4195 24.92
2012042401 0.4102 24.28
2012042402 0.4091 24.61
2012042403 0.3593 25.20
2012042404 0.3368 35.89
2012042405 0.3160 23.63
2012042406 0.3025 24.48
2012042407 0.2792 24.84
2012042408 0.3071 22.54
2012042409 0.3983 26.22
2012042410 0.2380 29.63
2012042411 0.2804 25.05
2012042412 0.3657 25.51
2012042413 0.4788 25.94
2012042414 0.6535 26.40
2012042415 0.7243 21.42
2012042416 0.7080 27.50
2012042417 0.6823 28.10
2012042418 0.6348 28.02
2012042419 0.5910 29.35
2012042420 0.5508 29.21
2012042421 0.5138 29.22
2012042422 0.4799 28.44
2012042423 0.4486 28.70
2012042424 0.4198 27.64
2012042501 0.4128 26.81
2012042502 0.3849 24.05
2012042503 0.3594 26.53
2012042504 0.3360 25.48
2012042505 0.3145 23.96
2012042506 0.2947 24.01
2012042507 0.2766 24.06
2012042508 0.2598 23.96
2012042509 0.2509 22.65
2012042510 0.4504 22.23
2012042511 0.6646 24.22
2012042512 0.8586 24.26
2012042513 0.9861 26.71
2012042514 1.0715 27.27
2012042515 1.3175 35.72
2012042516 1.3874 35.77
2012042517 1.3620 35.79
2012042518 1.2893 47.31
2012042519 1.1930 35.80
2012042520 1.1028 35.80
2012042521 1.0211 47.29
2012042522 0.9624 47.29
2012042523 0.8939 35.82
2012042524 0.8290 47.30
2012042601 0.8450 35.79
2012042602 0.7922 47.99
2012042603 0.7651 36.16
2012042604 0.7374 36.17
2012042605 0.7076 36.16
2012042606 0.9912 36.16
2012042607 0.9414 48.03
2012042608 1.5125 36.18
2012042609 1.1683 36.17
2012042610 1.5977 36.18
2012042611 1.8618 48.04
2012042612 2.1205 48.05
2012042613 2.3522 55.01
2012042614 2.4454 55.68
2012042615 2.7811 58.25
2012042616 2.4711 57.97
2012042617 2.3102 55.62
2012042618 2.1540 55.97
2012042619 2.0099 53.68
2012042620 1.8604 54.48
2012042621 4.1081 54.62
2012042622 3.7192 52.63
2012042623 4.0275 53.12
2012042624 2.7317 55.27
2012042701 2.5341 54.98
2012042702 1.4999 60.17
2012042703 1.4543 64.02
2012042704 1.3950 66.42
2012042705 1.2873 63.96
2012042706 1.1817 63.57
2012042707 1.0854 61.27
2012042708 1.0372 58.45
2012042709 1.1908 54.43
2012042710 1.3370 54.51
2012042711 1.5953 51.73
2012042712 1.7609 51.75
2012042713 1.8499 50.79
2012042714 1.8643 50.79
2012042715 1.7429 54.83
2012042716 1.6485 54.52
2012042717 1.5421 57.75
2012042718 1.4082 57.76
2012042719 1.2811 57.90
2012042720 1.1705 58.02
2012042721 1.0729 52.40
2012042722 0.9859 52.46
2012042723 0.9078 49.43
2012042724 0.8373 47.14
2012042801 0.8129 45.10
2012042802 0.7467 44.51
2012042803 0.6874 45.07
2012042804 0.6339 42.31
2012042805 0.5856 42.17
2012042806 0.5417 39.14
2012042807 0.5018 38.00
2012042808 0.4747 37.14
2012042809 0.5556 36.03
2012042810 0.7711 35.38
2012042811 0.9290 34.91
2012042812 1.2838 34.21
2012042813 1.6983 34.10
2012042814 1.9774 34.28
2012042815 1.9443 35.75
2012042816 1.9962 37.03
2012042817 1.8196 38.00
2012042818 1.6521 39.14
2012042819 1.4935 39.95
2012042820 1.3528 39.27
2012042821 1.2324 39.55
2012042822 1.1692 39.33
2012042823 1.1137 38.37
2012042824 1.0374 37.23
2012042901 1.0832 36.69
2012042902 0.9497 35.93
2012042903 0.8518 35.03
2012042904 0.7709 33.93
2012042905 0.7046 33.41
2012042906 0.6469 32.68
2012042907 0.7793 32.35
2012042908 1.0512 31.12
2012042909 1.4595 30.76
2012042910 1.9492 30.07
2012042911 2.0691 30.82
2012042912 2.2219 32.18
2012042913 2.4455 34.00
2012042914 2.4486 31.82
2012042915 2.5118 34.22
2012042916 2.4085 36.28
2012042917 2.1643 36.75
2012042918 1.9197 36.90
2012042919 2.2872 38.85
2012042920 1.8552 39.50
2012042921 1.4267 38.85
2012042922 1.2573 39.24
2012042923 1.1435 38.85
2012042924 1.0425 38.45
2012043001 1.0464 38.06
2012043002 0.9424 37.51
2012043003 0.8524 36.72
2012043004 0.7735 35.82
2012043005 0.7038 35.46
2012043006 0.6419 33.98
2012043007 0.5867 33.57
2012043008 0.5373 32.80
2012043009 0.6700 31.20
2012043010 1.2494 32.50
2012043011 1.6748 31.45
2012043012 1.7181 31.96
2012043013 1.9462 32.40
2012043014 2.1483 34.35
2012043015 2.0606 37.15
2012043016 2.1299 39.56
2012043017 1.9055 40.19
2012043018 1.7851 43.92
2012043019 1.5629 46.81
2012043020 1.4746 43.66
2012043021 1.2900 43.57
2012043022 1.1729 43.70
2012043023 1.0368 40.81
2012043024 0.9278 40.38
2012050101 0.9527 40.66
2012050102 0.8404 39.07
2012050103 0.7483 38.37
2012050104 0.6701 38.22
2012050105 0.6026 36.84
2012050106 0.5438 36.15
2012050107 0.4965 35.56
2012050108 0.9306 34.41
2012050109 1.4595 34.38
2012050110 2.0104 34.55
2012050111 2.3988 34.15
2012050112 2.7343 35.58
2012050113 3.0651 37.87
2012050114 3.2206 40.39
2012050115 3.3088 44.12
2012050116 3.1553 50.25
2012050117 2.7570 53.35
2012050118 2.3402 56.43
2012050119 1.9930 56.37
2012050120 1.7516 56.37
2012050121 1.5503 56.52
2012050122 1.3790 53.32
2012050123 1.2313 53.64
2012050124 1.1031 51.06
2012050201 1.1223 47.95
2012050202 0.9854 44.63
2012050203 0.8709 44.65
2012050204 0.7736 44.65
2012050205 0.6902 44.74
2012050206 0.6182 41.57
2012050207 0.5556 43.76
2012050208 0.6752 41.44
2012050209 1.1795 41.23
2012050210 1.7521 40.65
2012050211 1.9196 41.23
2012050212 2.1188 44.13
2012050213 2.3951 48.03
2012050214 2.6607 51.56
2012050215 2.8827 57.76
2012050216 2.7347 64.16
2012050217 2.4289 64.27
2012050218 2.0586 67.42
2012050219 1.6873 67.66
2012050220 1.5011 64.73
2012050221 1.3230 61.78
2012050222 1.1452 62.27
2012050223 1.0003 58.72
2012050224 1.6601 55.58
2012050301 1.3019 55.38
2012050302 0.9022 55.38
2012050303 1.2595 58.92
2012050304 1.2606 59.02
2012050305 0.5834 59.88
2012050306 0.5885 59.80
2012050307 1.2486 59.34
2012050308 1.4096 59.34
2012050309 1.8372 59.52
2012050310 2.6219 59.52
2012050311 2.6370 59.02
2012050312 2.9458 62.75
2012050313 3.2501 63.23
2012050314 3.2874 60.00
2012050315 3.2832 64.10
2012050316 3.4152 64.03
2012050317 4.2798 64.17
2012050318 5.8445 63.52
2012050319 6.2317 63.70
2012050320 6.3172 74.48
2012050321 5.2524 89.28
2012050322 4.1200 103.83
2012050323 4.4140 107.76
2012050324 4.6192 114.96
2012050401 4.3920 116.78
2012050402 4.1417 124.14
2012050403 4.6626 124.47
2012050404 4.8607 132.27
2012050405 6.9172 141.81
2012050406 8.3013 161.87
2012050407 8.9320 183.13
2012050408 9.1289 204.16
2012050409 9.2282 235.78
2012050410 8.2827 253.20
2012050411 10.2343 266.84
2012050412 10.0718 287.72
2012050413 8.5054 310.42
2012050414 8.4988 320.03
2012050415 5.8875 318.62
2012050416 4.6750 297.24
2012050417 4.1260 284.90
2012050418 2.9774 259.82
2012050419 2.5088 230.57
2012050420 2.3151 210.28
2012050421 0.7950 195.37
2012050422 0.6493 187.46
2012050423 2.6358 168.30
2012050424 2.3151 160.63
2012050501 0.7214 151.80
2012050502 0.9290 145.58
2012050503 0.4513 140.93
2012050504 0.3605 133.05
2012050505 0.8641 125.22
2012050506 0.3516 121.38
2012050507 0.6274 116.89
2012050508 0.8244 114.38
2012050509 1.0263 108.78
2012050510 1.7228 106.44
2012050511 1.4431 103.43
2012050512 1.8651 100.57
2012050513 1.4792 97.97
2012050514 1.3598 94.96
2012050515 1.3199 94.96
2012050516 1.1002 93.36
2012050517 0.9422 91.25
2012050518 0.8128 91.25
2012050519 0.6549 86.52
2012050520 0.5754 83.02
2012050521 1.5961 81.20
2012050522 0.6556 78.24
2012050523 0.5151 77.15
2012050524 0.7419 75.71
2012050601 0.4842 73.16
2012050602 0.4487 71.07
2012050603 0.5175 71.07
2012050604 0.5015 70.10
2012050605 0.3659 67.48
2012050606 0.4617 66.92
2012050607 0.6995 66.76
2012050608 1.0125 62.47
2012050609 1.1370 61.88
2012050610 1.4600 61.69
2012050611 1.5003 62.20
2012050612 1.4476 62.62
2012050613 1.4092 61.41
2012050614 1.4066 61.06
2012050615 1.2563 61.06
2012050616 1.1481 61.84
2012050617 0.9527 61.70
2012050618 0.8234 62.16
2012050619 0.6898 61.97
2012050620 0.7130 61.97
2012050621 2.7852 61.82
2012050622 0.6514 62.35
2012050623 0.6594 56.98
2012050624 0.7841 61.66
2012050701 0.3049 57.37
2012050702 0.1954 57.73
2012050703 0.1886 54.69
2012050704 0.1516 53.07
2012050705 0.1539 52.07
2012050706 0.2209 52.47
2012050707 0.4325 50.94
2012050708 1.0408 48.11
2012050709 1.9721 47.25
2012050710 2.3901 49.74
2012050711 2.7796 45.65
2012050712 2.0090 50.50
2012050713 2.0935 48.71
2012050714 1.3207 48.71
2012050715 1.2751 42.63
2012050716 0.9554 49.16
2012050717 0.7983 48.27
2012050718 0.5798 48.27
2012050719 0.4686 48.26
2012050720 0.3713 46.80
2012050721 0.3009 47.24
2012050722 0.2767 46.23
2012050723 0.2259 45.21
2012050724 0.2170 45.07
2012050801 0.1874 44.61
2012050802 0.1653 44.05
2012050803 0.1477 43.49
2012050804 0.1333 42.94
2012050805 0.1214 42.46
2012050806 0.1113 42.19
2012050807 0.1028 41.52
2012050808 0.1038 40.64
2012050809 0.6930 41.03
2012050810 1.4874 39.90
2012050811 2.5364 40.76
2012050812 1.5839 40.19
2012050813 1.7659 41.74
2012050814 2.3477 43.41
2012050815 1.6995 44.82
2012050816 1.3741 47.44
2012050817 1.2380 49.17
2012050818 0.9244 48.83
2012050819 0.6074 48.36
2012050820 0.4588 46.90
2012050821 0.3765 46.90
2012050822 0.2969 44.06
2012050823 0.2530 42.16
2012050824 0.2196 41.75
2012050901 0.2033 39.89
2012050902 0.1957 38.99
2012050903 0.1582 37.71
2012050904 0.1596 38.46
2012050905 0.1286 38.68
2012050906 0.1349 37.39
2012050907 0.1515 36.97
2012050908 0.7298 35.31
2012050909 1.4372 35.31
2012050910 1.4849 34.64
2012050911 2.4098 34.64
2012050912 2.7669 39.33
2012050913 2.8714 39.53
2012050914 3.9921 41.07
2012050915 1.6028 40.49
2012050916 1.7575 39.76
2012050917 1.5923 39.89
2012050918 0.6974 39.89
2012050919 0.4690 39.50
2012050920 0.3734 38.99
2012050921 0.3158 38.60
2012050922 0.2900 37.34
2012050923 0.2381 36.60
2012050924 0.2280 36.46
2012051001 0.1980 35.23
2012051002 0.1747 35.58
2012051003 0.1616 35.58
2012051004 0.1404 34.93
2012051005 0.1331 34.93
2012051006 0.1165 34.93
2012051007 0.3356 34.05
2012051008 0.5749 31.48
2012051009 1.5396 31.48
2012051010 2.6001 29.94
2012051011 2.7285 31.06
2012051012 1.2385 34.10
2012051013 1.2306 36.79
2012051014 1.4809 35.90
2012051015 1.1644 35.90
2012051016 1.2100 36.30
2012051017 0.8209 37.32
2012051018 0.8177 39.35
2012051019 0.7029 39.35
2012051020 0.5033 39.35
2012051021 0.3515 39.35
2012051022 0.2841 39.21
2012051023 0.2411 37.54
2012051024 0.1905 37.03
2012051101 0.1714 35.42
2012051102 0.1743 35.42
2012051103 0.1367 34.93
2012051104 0.1466 33.72
2012051105 0.1125 33.72
2012051106 0.1261 32.21
2012051107 0.1558 31.35
2012051108 0.4216 31.05
2012051109 0.7731 30.22
2012051110 1.3658 30.81
2012051111 2.2575 30.16
2012051112 1.8980 29.80
2012051113 1.6131 31.81
2012051114 1.5815 31.81
2012051115 1.7064 34.40
2012051116 1.0328 34.40
2012051117 0.5855 41.25
2012051118 0.3765 41.25
2012051119 0.3315 41.97
2012051120 0.2612 41.85
2012051121 0.2467 39.73
2012051122 0.1955 39.73
2012051123 0.1945 37.18
2012051124 0.1533 35.58
2012051201 0.1365 35.58
2012051202 0.2078 35.58
2012051203 0.1275 32.37
2012051204 0.1885 32.37
2012051205 0.1200 32.37
2012051206 0.1765 32.37
2012051207 0.1203 32.37
2012051208 0.1219 30.58
2012051209 0.1449 30.58
2012051210 0.3948 28.77
2012051211 1.4401 28.77
2012051212 1.5477 29.58
2012051213 1.9003 29.58
2012051214 2.0542 29.49
2012051215 1.2874 29.49
2012051216 0.7491 29.49
2012051217 0.4280 29.49
2012051218 0.3070 29.49
2012051219 0.2787 29.49
2012051220 0.2777 32.49
2012051221 0.2437 32.49
2012051222 0.2297 31.30
2012051223 0.1881 30.15
2012051224 0.1961 29.68
2012051301 0.1194 29.02
2012051302 0.1123 29.42
2012051303 0.0980 29.42
2012051304 0.0899 27.48
2012051305 0.0832 25.99
2012051306 0.0774 26.74
2012051307 0.0725 25.37
2012051308 0.0683 22.87
2012051309 0.0717 22.95
2012051310 0.0803 23.92
2012051311 0.1053 25.49
2012051312 0.5962 26.62
2012051313 1.4813 26.62
2012051314 2.7326 26.62
2012051315 1.4269 30.88
2012051316 1.1171 30.88
2012051317 0.8671 34.31
2012051318 0.4645 34.93
2012051319 0.3241 33.16
2012051320 0.2471 32.59
2012051321 0.2081 32.50
2012051322 0.1787 30.58
2012051323 0.1558 29.16
2012051324 0.1375 28.07
2012051401 0.1286 27.20
2012051402 0.1279 26.25
2012051403 0.1020 24.98
2012051404 0.0925 24.98
2012051405 0.0847 24.98
2012051406 0.0782 22.66
2012051407 0.0762 21.25
2012051408 0.1005 18.27
2012051409 1.3384 20.20
2012051410 2.5528 20.10
2012051411 2.7896 21.85
2012051412 0.8155 24.51
2012051413 2.9401 24.93
2012051414 2.9265 24.93
2012051415 2.8252 31.92
2012051416 1.9266 33.88
2012051417 1.1548 34.08
2012051418 0.9551 33.00
2012051419 0.5991 32.96
2012051420 0.4399 33.14
2012051421 0.3685 31.54
2012051422 0.3140 29.17
2012051423 0.2713 29.17
2012051424 0.2370 26.70
2012051501 0.2212 26.70
2012051502 0.2227 26.70
2012051503 0.1705 26.70
2012051504 0.1521 26.70
2012051505 0.1367 26.70
2012051506 0.1245 26.70
2012051507 0.1367 23.19
2012051508 0.6610 21.77
2012051509 1.9661 22.23
2012051510 2.6979 22.92
2012051511 3.0264 23.24
2012051512 2.7449 22.92
2012051513 2.9105 25.35
2012051514 2.7934 25.35
2012051515 2.3611 25.35
2012051516 1.4388 25.35
2012051517 0.7468 26.84
2012051518 0.6420 26.84
2012051519 0.4191 26.84
2012051520 0.3455 26.84
2012051521 0.9348 26.84
2012051522 0.2539 26.84
2012051523 0.2219 26.84
2012051524 0.3831 24.51
2012051601 0.1817 24.51
2012051602 0.1804 24.27
2012051603 1.2314 24.27
2012051604 0.9107 24.27
2012051605 0.6704 24.27
2012051606 0.1218 24.27
2012051607 0.1998 24.51
2012051608 0.3286 24.17
2012051609 0.4017 24.99
2012051610 0.6081 24.99
2012051611 0.7076 24.99
2012051612 1.2583 24.88
2012051613 0.9085 24.88
2012051614 1.9445 25.97
2012051615 1.0512 25.05
2012051616 0.5787 25.29
2012051617 0.8897 25.29
2012051618 0.5873 28.75
2012051619 0.3319 28.84
2012051620 0.4552 28.84
2012051621 0.1957 28.56
2012051622 0.2589 28.31
2012051623 0.1555 27.40
2012051624 0.1559 26.43
2012051701 0.0889 25.30
2012051702 0.1815 25.30
2012051703 0.1386 25.30
2012051704 0.0773 23.47
2012051705 0.1278 22.20
2012051706 0.0894 21.35
2012051707 0.2668 21.25
2012051708 0.6625 22.76
2012051709 1.0054 20.39
2012051710 1.8871 19.09
2012051711 1.4266 21.75
2012051712 1.3593 25.35
2012051713 1.4527 25.35
2012051714 1.5828 25.35
2012051715 0.9601 25.35
2012051716 0.8684 31.39
2012051717 0.8975 31.18
2012051718 0.7339 31.53
2012051719 0.3592 30.14
2012051720 0.2945 29.42
2012051721 0.1897 28.69
2012051722 0.1578 27.34
2012051723 0.1473 26.09
2012051724 0.1209 25.45
2012051801 0.1124 23.72
2012051802 0.1691 23.72
2012051803 0.0887 22.52
2012051804 0.1016 21.46
2012051805 0.0733 20.91
2012051806 0.0963 20.52
2012051807 0.0932 19.66
2012051808 0.5561 16.99
2012051809 1.9110 17.59
2012051810 2.4735 19.42
2012051811 2.8039 22.35
2012051812 2.6239 24.50
2012051813 2.3114 29.36
2012051814 2.3232 28.40
2012051815 1.5031 28.40
2012051816 1.2759 30.05
2012051817 0.8861 30.00
2012051818 0.6489 29.60
2012051819 0.4374 29.68
2012051820 0.2826 28.93
2012051821 0.2451 27.67
2012051822 0.2012 27.67
2012051823 0.1748 24.37
2012051824 0.1536 22.66
2012051901 0.1433 22.20
2012051902 0.1504 20.81
2012051903 0.1114 20.20
2012051904 0.1245 21.44
2012051905 0.0900 21.20
2012051906 0.1012 21.60
2012051907 0.2921 21.20
2012051908 1.2499 18.33
2012051909 1.8489 19.87
2012051910 2.4392 19.63
2012051911 2.6431 21.85
2012051912 1.4649 20.83
2012051913 2.0972 24.49
2012051914 2.6273 25.36
2012051915 1.8349 25.36
2012051916 1.3520 25.36
2012051917 0.8991 25.36
2012051918 0.5524 28.21
2012051919 0.3805 27.99
2012051920 0.2658 26.83
2012051921 0.2376 25.46
2012051922 0.1921 25.46
2012051923 0.1881 21.50
2012051924 0.1465 20.24
2012052001 0.1439 19.24
2012052002 0.1330 18.32
2012052003 0.1090 18.20
2012052004 0.1055 16.68
2012052005 0.0866 17.95
2012052006 0.0871 17.70
2012052007 0.0851 16.84
2012052008 0.6386 15.24
2012052009 1.7539 15.23
2012052010 2.5378 17.04
2012052011 2.8111 19.12
2012052012 2.6114 20.64
2012052013 3.2397 22.84
2012052014 3.0493 24.28
2012052015 1.9276 24.28
2012052016 1.5889 24.28
2012052017 1.2945 24.28
2012052018 1.0340 24.28
2012052019 0.5806 24.28
2012052020 0.3907 24.28
2012052021 0.4310 24.28
2012052022 0.3091 23.21
2012052023 0.2190 23.21
2012052024 0.1625 19.33
2012052101 0.1644 18.09
2012052102 0.1518 17.09
2012052103 0.1143 17.53
2012052104 0.1191 16.80
2012052105 0.0853 17.64
2012052106 0.1090 17.99
2012052107 0.1070 17.39
2012052108 0.9769 14.80
2012052109 2.0766 17.30
2012052110 2.4301 15.69
2012052111 2.6606 15.80
2012052112 2.5474 18.97
2012052113 2.7361 22.17
2012052114 2.5290 22.17
2012052115 1.9259 25.31
2012052116 1.6185 25.31
2012052117 0.9901 25.31
2012052118 0.7646 29.71
2012052119 0.6569 28.56
2012052120 0.5496 26.72
2012052121 0.3864 25.52
2012052122 0.2354 23.48
2012052123 0.1592 23.48
2012052124 0.1408 20.08
2012052201 0.1412 18.50
2012052202 0.1094 17.56
2012052203 0.0858 16.57
2012052204 0.0711 18.09
2012052205 0.0654 18.45
2012052206 0.0587 18.37
2012052207 0.0841 18.27
2012052208 0.3230 13.97
2012052209 1.1105 14.88
2012052210 1.6470 17.69
2012052211 1.9758 20.52
2012052212 2.1484 23.47
2012052213 2.1922 23.47
2012052214 2.1512 27.11
2012052215 1.9363 27.45
2012052216 1.2652 29.58
2012052217 0.9834 25.68
2012052218 0.5696 25.61
2012052219 0.4084 23.42
2012052220 0.2392 22.40
2012052221 0.2093 20.04
2012052222 0.1667 18.54
2012052223 0.1626 18.08
2012052224 0.1397 17.00
2012052301 0.1222 16.34
2012052302 0.0756 16.64
2012052303 0.0548 16.71
2012052304 0.0514 17.20
2012052305 0.0401 17.81
2012052306 0.0674 17.66
2012052307 0.3365 17.30
2012052308 0.7903 17.30
2012052309 1.1952 15.78
2012052310 1.4584 15.47
2012052311 1.6025 16.31
2012052312 1.5746 18.73
2012052313 1.6459 19.95
2012052314 1.5241 18.95
2012052315 1.2578 19.47
2012052316 0.8857 19.40
2012052317 0.5134 19.80
2012052318 0.3263 18.78
2012052319 0.1598 18.40
2012052320 0.1061 17.88
2012052321 0.0864 18.01
2012052322 0.0682 17.88
2012052323 0.0599 17.88
2012052324 0.0480 17.88
2012052401 0.0437 17.88
2012052402 0.0358 17.88
2012052403 0.0305 17.88
2012052404 0.0268 17.88
2012052405 0.0241 17.88
2012052406 0.0227 14.93
2012052407 0.0791 14.63
2012052408 0.2812 11.98
2012052409 0.6285 12.53
2012052410 0.7921 16.70
2012052411 0.8311 18.33
2012052412 0.7672 19.89
2012052413 0.8588 17.87
2012052414 0.7598 19.17
2012052415 0.5417 19.90
2012052416 0.3840 19.90
2012052417 0.3345 21.78
2012052418 0.2415 20.49
2012052419 0.1544 20.16
2012052420 0.1472 18.35
2012052421 0.1245 17.14
2012052422 0.0770 16.78
2012052423 0.0552 16.30
2012052424 0.0363 15.86
2012052501 0.0262 14.97
2012052502 0.0812 15.07
2012052503 0.0195 14.84
2012052504 0.0770 14.84
2012052505 0.0166 15.36
2012052506 0.0757 14.81
2012052507 0.0705 14.81
2012052508 0.5156 10.50
2012052509 0.9402 10.48
2012052510 1.1619 12.58
2012052511 1.3057 15.11
2012052512 1.2323 17.96
2012052513 1.4134 17.24
2012052514 1.1944 17.58
2012052515 0.9644 16.72
2012052516 0.6315 17.12
2012052517 0.3914 17.36
2012052518 0.2556 17.14
2012052519 0.1212 17.00
2012052520 0.0515 17.26
2012052521 0.0461 16.43
2012052522 0.0440 15.18
2012052523 0.0598 14.29
2012052524 0.0511 14.29
2012052601 0.0226 13.17
2012052602 0.0856 13.12
2012052603 0.0187 13.30
2012052604 0.0474 13.05
2012052605 0.0164 14.03
2012052606 0.0507 13.38
2012052607 0.1041 13.47
2012052608 0.4994 12.51
2012052609 0.8414 11.76
2012052610 1.0696 11.42
2012052611 1.0117 14.15
2012052612 0.5921 16.86
2012052613 0.4883 15.21
2012052614 0.2722 14.44
2012052615 0.1725 15.22
2012052616 0.5133 15.42
2012052617 0.2687 14.95
2012052618 0.1278 15.62
2012052619 0.0644 15.99
2012052620 0.0268 15.49
2012052621 0.0531 14.84
2012052622 0.0200 13.97
2012052623 0.0575 13.36
2012052624 0.0190 12.94
2012052701 0.0149 12.73
2012052702 0.0835 12.30
2012052703 0.0132 12.30
2012052704 0.0150 11.88
2012052705 0.0122 11.96
2012052706 0.0118 11.86
2012052707 0.0172 11.94
2012052708 0.0481 11.47
2012052709 0.3392 14.20
2012052710 0.5288 12.41
2012052711 0.4096 14.00
2012052712 0.6512 12.73
2012052713 0.4303 14.00
2012052714 0.7494 13.90
2012052715 0.6320 14.24
2012052716 0.4488 14.00
2012052717 0.1639 14.06
2012052718 0.0508 14.56
2012052719 0.0258 13.76
2012052720 0.0214 13.73
2012052721 0.0258 13.15
2012052722 0.0167 11.48
2012052723 0.0154 12.49
2012052724 0.0144 12.02
2012052801 0.0129 11.93
2012052802 0.1310 11.73
2012052803 0.0116 11.81
2012052804 0.0623 12.05
2012052805 0.0107 11.23
2012052806 0.0598 11.04
2012052807 0.0101 10.32
2012052808 0.0369 10.32
2012052809 0.0310 9.53
2012052810 0.0620 12.64
2012052811 0.1978 13.66
2012052812 0.7657 13.02
2012052813 0.9105 11.65
2012052814 0.8024 12.83
2012052815 0.7083 13.01
2012052816 0.4768 10.89
2012052817 0.1004 12.72
2012052818 0.0436 12.65
2012052819 0.0486 12.71
2012052820 0.0182 12.71
2012052821 0.0441 11.86
2012052822 0.0146 10.84
2012052823 0.0405 11.18
2012052824 0.0192 10.92
2012052901 0.0111 10.60
2012052902 0.6201 10.66
2012052903 0.4662 12.52
2012052904 0.4658 12.59
2012052905 0.0091 11.79
2012052906 0.0129 11.46
2012052907 0.0227 10.54
2012052908 0.0633 10.94
2012052909 0.3697 11.90
2012052910 0.6643 12.20
2012052911 0.7144 9.32
2012052912 0.7555 12.10
2012052913 0.7602 11.10
2012052914 1.3851 12.20
2012052915 1.8638 14.08
2012052916 0.3057 14.85
2012052917 0.6542 11.78
2012052918 0.0618 11.88
2012052919 0.0235 11.87
2012052920 0.0189 12.80
2012052921 0.0166 12.80
2012052922 0.0149 10.99
2012052923 0.0137 10.72
2012052924 0.0127 10.83
2012053001 0.0120 10.03
2012053002 0.0615 10.71
2012053003 0.0107 11.57
2012053004 0.0138 11.17
2012053005 0.0108 11.69
2012053006 0.0228 10.53
2012053007 0.0239 9.79
2012053008 0.1942 9.61
2012053009 0.3708 9.77
2012053010 0.3771 11.17
2012053011 0.6693 8.19
2012053012 0.6594 11.30
2012053013 0.3410 10.93
2012053014 0.4346 11.02
2012053015 0.2681 10.17
2012053016 0.2886 10.79
2012053017 0.2305 9.33
2012053018 0.1620 10.66
2012053019 0.0461 10.72
2012053020 0.0248 11.63
2012053021 0.0170 10.94
2012053022 0.0167 11.08
2012053023 0.0123 9.36
2012053024 0.0327 9.55
2012053101 0.0104 9.61
2012053102 0.0098 10.61
2012053103 0.0093 11.62
2012053104 0.0088 10.75
2012053105 0.0084 10.64
2012053106 0.0081 8.83
2012053107 0.0078 8.40
2012053108 0.0075 6.20
2012053109 0.0983 9.82
2012053110 0.5657 10.56
2012053111 0.6536 10.41
2012053112 0.5284 10.62
2012053113 0.7279 9.56
2012053114 0.6462 10.60
2012053115 0.6606 10.71
2012053116 0.4496 11.00
2012053117 0.2107 9.77
2012053118 0.1257 9.45
2012053119 0.0833 10.22
2012053120 0.0333 10.93
2012053121 0.0200 6.16
2012053122 0.0147 9.10
2012053123 0.0135 8.42
2012053124 0.0125 9.13
2012060101 0.0114 9.32
2012060102 0.0904 6.34
2012060103 0.0097 9.92
2012060104 0.0447 9.81
2012060105 0.0085 9.44
2012060106 0.0455 8.60
2012060107 0.0350 7.58
2012060108 0.2008 8.18
2012060109 0.3926 8.40
2012060110 0.4871 9.85
2012060111 0.5160 9.63
2012060112 0.5086 10.41
2012060113 0.5417 8.84
2012060114 0.5264 9.50
2012060115 0.4615 11.01
2012060116 0.2789 10.43
2012060117 0.1489 9.09
2012060118 0.1105 9.51
2012060119 0.0511 9.38
2012060120 0.0197 10.55
2012060121 0.0157 9.86
2012060122 0.0188 9.45
2012060123 0.0163 9.45
2012060124 0.0122 9.45
2012060201 0.0147 8.99
2012060202 0.0151 8.99
2012060203 0.0122 8.81
2012060204 0.0140 8.81
2012060205 0.0124 8.74
2012060206 0.0446 8.68
2012060207 0.0759 8.68
2012060208 0.1798 5.26
2012060209 0.2128 5.06
2012060210 0.2663 7.05
2012060211 0.2851 10.23
2012060212 0.2595 9.48
2012060213 0.2287 10.24
2012060214 0.1874 9.66
2012060215 0.1630 10.00
2012060216 0.1591 8.86
2012060217 0.1484 8.45
2012060218 0.0897 9.64
2012060219 0.0717 9.45
2012060220 0.0277 10.09
2012060221 0.0189 9.73
2012060222 0.0135 8.78
2012060223 0.0188 8.15
2012060224 0.0086 8.40
2012060301 0.0075 7.99
2012060302 0.0301 7.93
2012060303 0.0058 6.73
2012060304 0.0347 8.91
2012060305 0.0048 7.30
2012060306 0.0339 6.96
2012060307 0.0080 7.53
2012060308 0.0430 5.59
2012060309 0.1764 8.52
2012060310 0.3130 8.85
2012060311 0.3280 9.50
2012060312 0.3241 9.45
2012060313 0.3284 7.82
2012060314 0.3078 8.02
2012060315 0.2749 8.38
2012060316 0.1828 8.80
2012060317 0.0995 9.58
2012060318 0.0849 9.89
2012060319 0.0333 9.94
2012060320 0.0244 10.05
2012060321 0.0374 8.57
2012060322 0.0316 8.15
2012060323 0.0125 7.54
2012060324 0.0092 8.14
2012060401 0.0081 7.96
2012060402 0.0129 6.67
2012060403 0.0049 8.40
2012060404 0.0207 8.65
2012060405 0.0044 6.92
2012060406 0.0115 6.54
2012060407 0.0362 6.08
2012060408 0.0846 4.83
2012060409 0.1320 7.87
2012060410 0.1607 8.50
2012060411 0.1976 8.61
2012060412 0.1838 8.51
2012060413 0.1865 7.35
2012060414 0.1773 6.95
2012060415 0.1626 6.84
2012060416 0.1026 7.61
2012060417 0.0581 7.86
2012060418 0.0536 9.56
2012060419 0.0309 8.51
2012060420 0.0239 9.24
2012060421 0.0231 8.48
2012060422 0.0208 7.91
2012060423 0.0102 7.08
2012060424 0.0061 6.84
2012060501 0.0046 6.81
2012060502 0.0024 6.92
2012060503 0.0014 7.11
2012060504 0.0010 7.64
2012060505 0.0008 8.00
2012060506 0.0021 6.95
2012060507 0.0231 5.91
2012060508 0.0436 4.94
2012060509 0.0509 6.86
2012060510 0.0631 7.75
2012060511 0.0724 7.73
2012060512 0.0708 1.13
2012060513 0.0600 5.66
2012060514 0.0644 5.90
2012060515 0.0611 6.81
2012060516 0.0447 7.55
2012060517 0.0313 7.94
2012060518 0.0240 8.11
2012060519 0.0158 8.31
2012060520 0.0088 7.85
2012060521 0.0066 8.21
2012060522 0.0051 5.96
2012060523 0.0032 5.91
2012060524 0.0028 5.83
2012060601 0.0028 6.54
2012060602 0.0027 6.54
2012060603 0.0021 8.37
2012060604 0.0016 6.78
2012060605 0.0028 4.31
2012060606 0.0074 5.45
2012060607 0.0205 5.69
2012060608 0.0289 5.54
2012060609 0.0461 6.75
2012060610 0.0373 7.86
2012060611 0.0203 7.61
2012060612 0.9234 7.87
2012060613 0.1515 5.80
2012060614 0.0442 5.74
2012060615 0.0404 6.79
2012060616 0.0241 6.93
2012060617 0.0132 6.95
2012060618 0.0123 7.55
2012060619 0.0050 7.71
2012060620 0.0026 7.66
2012060621 0.2043 6.34
2012060622 0.0053 5.95
2012060623 0.0065 6.05
2012060624 0.0039 6.15
2012060701 0.0080 6.29
2012060702 0.0064 6.24
2012060703 0.0065 6.56
2012060704 0.0064 7.07
2012060705 0.0072 6.84
2012060706 0.0146 6.38
2012060707 0.1191 6.10
2012060708 0.2307 5.49
2012060709 0.0255 6.20
2012060710 0.0146 7.27
2012060711 0.0168 6.71
2012060712 0.7230 7.64
2012060713 4.5192 6.56
2012060714 3.4156 10.89
2012060715 2.5111 7.89
2012060716 4.5113 12.16
2012060717 1.1113 16.96
2012060718 0.0066 14.53
2012060719 0.0047 12.43
2012060720 0.0054 12.73
2012060721 0.0053 10.95
2012060722 0.0047 9.46
2012060723 0.0096 8.91
2012060724 0.0096 8.58
2012060801 0.0031 8.52
2012060802 0.0027 7.94
2012060803 0.0018 7.69
2012060804 0.0018 7.64
2012060805 0.0034 7.20
2012060806 0.0031 7.06
2012060807 0.0062 7.11
2012060808 0.0089 6.84
2012060809 0.0158 7.43
2012060810 0.0276 7.45
2012060811 0.0229 7.33
2012060812 0.0217 7.44
2012060813 0.0157 7.26
2012060814 0.0077 7.30
2012060815 0.0083 7.50
2012060816 0.0104 7.33
2012060817 0.0111 7.54
2012060818 0.0082 7.55
2012060819 0.0053 1.22
2012060820 0.0063 7.40
2012060821 0.0069 6.61
2012060822 0.0058 5.91
2012060823 0.0075 5.88
2012060824 0.0066 5.88
2012060901 0.0065 6.02
2012060902 0.0086 6.15
2012060903 0.0068 5.83
2012060904 0.0052 6.01
2012060905 0.0068 6.13
2012060906 0.0098 6.13
2012060907 0.0190 5.68
2012060908 0.0165 6.12
2012060909 0.0222 6.99
2012060910 0.0294 6.61
2012060911 0.0240 7.40
2012060912 0.0226 6.56
2012060913 0.0120 6.92
2012060914 0.0131 6.75
2012060915 0.0133 6.72
2012060916 0.0129 6.65
2012060917 0.0088 6.47
2012060918 0.0053 6.84
2012060919 0.0034 5.81
2012060920 0.0035 6.64
2012060921 0.0030 6.79
2012060922 0.0010 6.61
2012060923 0.0015 5.88
2012060924 0.0027 5.96
2012061001 0.0028 6.18
2012061002 0.0049 6.31
2012061003 0.0056 6.17
2012061004 0.0064 6.04
2012061005 0.0060 6.04
2012061006 0.0061 6.25
2012061007 0.0083 6.04
2012061008 0.0110 5.78
2012061009 0.0092 4.43
2012061010 0.0155 6.01
2012061011 0.0131 6.19
2012061012 0.0102 7.06
2012061013 0.2110 7.04
2012061014 0.0176 7.08
2012061015 0.1140 5.76
2012061016 0.0102 5.72
2012061017 0.0083 6.01
2012061018 0.0085 6.91
2012061019 0.2042 5.75
2012061020 0.0037 0.55
2012061021 0.0033 7.39
2012061022 0.0041 6.93
2012061023 0.0056 6.33
2012061024 0.3040 5.96
2012061101 0.2024 6.26
2012061102 0.0021 6.35
2012061103 0.0025 6.17
2012061104 0.0024 6.21
2012061105 0.0020 6.17
2012061106 0.0041 6.04
2012061107 0.0059 6.21
2012061108 0.0118 5.13
2012061109 0.0131 6.99
2012061110 0.1213 6.49
2012061111 0.0074 6.41
2012061112 0.0258 5.58
2012061113 0.0167 5.00
2012061114 0.0154 4.92
2012061115 0.0133 6.52
2012061116 0.0118 6.36
2012061117 0.0122 6.48
2012061118 0.0099 5.74
2012061119 0.0068 6.49
2012061120 0.0056 6.49
2012061121 0.0052 4.96
2012061122 0.0042 4.82
2012061123 0.0028 4.75
2012061124 0.0059 5.82
2012061201 0.0051 5.95
2012061202 0.0048 2.75
2012061203 0.0029 6.17
2012061204 0.0027 6.21
2012061205 0.0028 5.81
2012061206 0.0052 5.60
2012061207 0.0082 5.60
2012061208 0.0133 5.42
2012061209 0.0127 6.25
2012061210 0.0223 6.16
2012061211 0.0257 6.08
2012061212 0.0336 6.48
2012061213 0.0379 4.74
2012061214 0.0375 4.24
2012061215 0.0302 5.97
2012061216 0.0214 6.13
2012061217 0.0093 6.34
2012061218 0.0076 5.68
2012061219 0.0017 6.19
2012061220 0.0003 5.60
2012061221 0.0003 4.54
2012061222 0.0003 4.56
2012061223 0.0003 4.48
2012061224 0.0003 5.52
2012061301 0.0003 5.29
2012061302 0.0203 5.40
2012061303 0.0003 5.21
2012061304 0.0003 5.94
2012061305 0.0150 5.56
2012061306 0.0003 5.40
2012061307 0.0073 4.72
2012061308 0.0158 4.65
2012061309 0.0194 5.40
2012061310 0.0250 5.15
2012061311 0.0249 6.25
2012061312 0.0268 5.67
2012061313 0.0274 4.65
2012061314 0.0254 5.15
2012061315 0.0230 5.49
2012061316 0.0180 6.28
2012061317 0.0041 5.13
2012061318 0.0030 4.60
2012061319 0.0030 5.45
2012061320 0.0003 5.37
2012061321 0.0003 3.92
2012061322 0.0090 3.77
2012061323 0.0003 3.74
2012061324 0.0015 3.98
2012061401 0.0000 4.28
2012061402 0.0000 4.86
2012061403 0.0000 5.16
2012061404 0.0000 5.47
2012061405 0.0000 4.95
2012061406 0.0000 4.88
2012061407 0.0000 4.85
2012061408 0.0000 4.95
2012061409 0.0000 4.59
2012061410 0.0000 5.61
2012061411 0.0000 5.54
2012061412 0.0000 5.59
2012061413 0.0000 4.79
2012061414 0.0000 5.76
2012061415 0.0000 5.38
2012061416 0.0000 5.74
2012061417 0.0000 4.36
2012061418 0.0000 4.18
2012061419 0.0000 6.16
2012061420 0.0000 1.71
2012061421 0.0000 2.12
2012061422 0.0000 3.77
2012061423 0.0000 4.74
2012061424 0.0000 4.95
2012061501 0.0000 4.55
2012061502 0.0000 4.70
2012061503 0.0000 4.85
2012061504 0.0000 4.82
2012061505 0.0000 5.26
2012061506 0.0000 4.78
2012061507 0.0000 4.53
2012061508 0.0000 2.94
2012061509 0.0000 5.88
2012061510 0.0000 4.59
2012061511 0.0000 5.61
2012061512 0.0000 5.01
2012061513 0.0000 4.18
2012061514 0.0000 5.92
2012061515 0.0000 5.40
2012061516 0.0000 5.12
2012061517 0.0000 4.79
2012061518 0.0000 4.39
2012061519 0.0000 4.52
2012061520 0.0000 6.12
2012061521 0.0000 3.91
2012061522 0.0000 3.91
2012061523 0.0000 3.28
2012061524 0.0000 4.50
2012061601 0.0000 4.57
2012061602 0.0000 2.46
2012061603 0.0000 4.55
2012061604 0.0000 4.82
2012061605 0.0000 4.72
2012061606 0.0000 4.63
2012061607 0.0000 3.27
2012061608 0.0000 2.58
2012061609 0.0000 5.36
2012061610 0.0000 5.06
2012061611 0.0000 5.29
2012061612 0.0000 5.41
2012061613 0.0000 3.16
2012061614 0.0000 3.37
2012061615 0.0000 3.72
2012061616 0.0000 4.00
2012061617 0.0000 4.18
2012061618 0.0000 4.42
2012061619 0.0000 5.00
2012061620 0.0000 4.75
2012061621 0.0000 5.30
2012061622 0.0000 3.78
2012061623 0.0000 3.93
2012061624 0.0000 4.23
2012061701 0.0000 4.56
2012061702 0.0000 4.88
2012061703 0.0000 1.90
2012061704 0.0000 4.76
2012061705 0.0000 4.61
2012061706 0.0000 4.56
2012061707 0.0000 4.67
2012061708 0.0000 4.76
2012061709 0.8000 4.68
2012061710 3.6000 8.12
2012061711 5.7000 6.41
2012061712 1.5000 6.22
2012061713 0.6000 6.64
2012061714 0.0000 7.01
2012061715 0.0000 7.35
2012061716 0.0000 8.40
2012061717 0.1000 6.92
2012061718 0.0000 6.42
2012061719 0.0000 6.35
2012061720 0.0000 6.57
2012061721 0.0000 5.53
2012061722 0.0000 4.80
2012061723 0.0000 5.18
2012061724 0.0000 2.86
2012061801 0.0000 5.38
2012061802 0.0000 5.11
2012061803 0.2000 4.88
2012061804 0.0000 4.92
2012061805 0.0000 5.12
2012061806 0.0000 4.98
2012061807 0.0000 4.70
2012061808 0.0000 4.38
2012061809 0.0000 6.03
2012061810 0.0000 5.51
2012061811 0.0000 4.82
2012061812 0.0000 5.45
2012061813 0.0000 3.58
2012061814 0.0000 4.12
2012061815 0.0000 4.03
2012061816 0.0000 4.30
2012061817 0.0000 4.33
2012061818 0.0000 4.72
2012061819 0.0000 3.50
2012061820 0.0000 5.68
2012061821 0.0000 3.75
2012061822 0.0000 3.71
2012061823 0.0000 4.32
2012061824 0.0000 4.36
2012061901 0.0000 4.52
2012061902 0.0000 4.27
2012061903 0.0000 4.58
2012061904 0.0000 4.58
2012061905 0.0000 4.38
2012061906 0.0000 4.32
2012061907 0.0000 4.28
2012061908 0.0000 4.33
2012061909 0.0000 6.13
2012061910 0.0000 4.64
2012061911 0.0000 5.16
2012061912 0.0000 5.08
2012061913 0.1000 2.98
2012061914 0.0000 3.95
2012061915 0.0000 4.03
2012061916 0.0000 4.23
2012061917 0.0000 4.74
2012061918 0.0000 3.32
2012061919 0.0000 3.65
2012061920 0.0000 4.69
2012061921 0.0000 1.97
2012061922 0.0000 3.39
2012061923 0.0000 4.44
2012061924 0.0000 4.33
2012062001 0.0000 3.34
2012062002 1.3000 4.55
2012062003 1.1000 5.08
2012062004 1.3000 5.81
2012062005 1.9000 1.85
2012062006 2.0000 5.76
2012062007 1.1000 5.66
2012062008 0.2000 7.80
2012062009 0.6000 9.20
2012062010 0.3000 10.55
2012062011 0.0000 11.33
2012062012 0.0000 9.70
2012062013 0.7000 8.61
2012062014 0.0000 8.27
2012062015 0.0000 8.14
2012062016 0.0000 7.01
2012062017 0.5000 7.35
2012062018 0.1000 7.41
2012062019 0.0000 7.28
2012062020 0.0000 6.60
2012062021 0.0000 6.32
2012062022 0.0000 7.12
2012062023 0.0000 4.60
2012062024 0.4000 4.98
2012062101 0.6000 5.84
2012062102 0.0000 5.87
2012062103 0.0000 5.68
2012062104 0.0000 5.50
2012062105 0.0000 5.71
2012062106 0.0000 5.61
2012062107 0.0000 5.55
2012062108 0.0000 5.22
2012062109 0.2000 6.16
2012062110 0.0000 5.27
2012062111 0.0000 4.91
2012062112 0.0000 5.69
2012062113 0.0000 3.42
2012062114 0.0000 5.66
2012062115 0.1000 4.15
2012062116 0.2000 4.46
2012062117 0.0000 4.33
2012062118 0.0000 4.82
2012062119 0.0000 4.76
2012062120 0.0000 4.82
2012062121 0.0000 4.69
2012062122 0.0000 4.62
2012062123 0.0000 4.45
2012062124 0.0000 4.61
2012062201 0.2000 4.82
2012062202 0.0000 4.79
2012062203 0.0000 4.93
2012062204 0.0000 4.49
2012062205 0.3000 4.71
2012062206 0.0000 4.99
2012062207 0.0000 4.96
2012062208 0.2000 4.12
2012062209 0.0000 3.97
2012062210 0.0000 4.33
2012062211 0.2000 5.73
2012062212 0.0000 4.61
2012062213 0.3000 4.27
2012062214 0.5000 5.61
2012062215 1.0000 5.98
2012062216 0.6000 5.44
2012062217 0.1000 6.28
2012062218 0.2000 4.85
2012062219 0.5000 4.82
2012062220 0.6000 4.79
2012062221 0.1000 5.31
2012062222 0.0000 5.28
2012062223 0.6000 5.54
2012062224 0.5000 5.22
2012062301 0.2000 5.55
2012062302 2.1000 5.92
2012062303 0.0000 6.19
2012062304 0.6000 5.86
2012062305 0.6000 5.83
2012062306 0.5000 6.50
2012062307 0.0000 6.30
2012062308 0.0000 3.65
2012062309 0.3000 5.26
2012062310 0.0000 5.26
2012062311 0.0000 5.48
2012062312 0.0000 5.31
2012062313 0.0000 5.90
2012062314 0.0000 5.85
2012062315 0.2000 5.78
2012062316 0.0000 4.85
2012062317 0.0000 4.53
2012062318 0.0000 5.30
2012062319 0.0000 5.68
2012062320 0.0000 5.74
2012062321 0.0000 4.75
2012062322 0.0000 4.98
2012062323 0.0000 4.42
2012062324 0.0000 5.03
2012062401 0.0000 5.09
2012062402 0.0000 5.19
2012062403 0.0000 5.43
2012062404 0.0000 4.85
2012062405 0.0000 5.05
2012062406 0.0000 4.65
2012062407 0.0000 4.87
2012062408 0.0000 4.56
2012062409 0.0000 3.66
2012062410 0.0000 3.70
2012062411 0.0000 4.77
2012062412 0.0000 5.59
2012062413 0.0000 5.48
2012062414 0.0000 4.10
2012062415 0.0000 4.37
2012062416 0.0000 4.79
2012062417 0.0000 4.59
2012062418 0.0000 4.18
2012062419 0.0000 4.51
2012062420 0.0000 4.61
2012062421 0.0000 3.62
2012062422 0.0000 4.00
2012062423 0.0000 3.77
2012062424 0.0000 4.33
2012062501 0.0000 4.57
2012062502 0.0000 4.65
2012062503 0.0000 4.60
2012062504 0.0000 4.76
2012062505 0.0000 4.71
2012062506 0.0000 4.52
2012062507 0.0000 3.90
2012062508 0.0000 3.46
2012062509 0.0000 4.38
2012062510 0.0000 4.07
2012062511 0.0000 5.22
2012062512 0.0000 5.03
2012062513 0.0000 4.10
2012062514 0.0000 4.29
2012062515 0.0000 4.04
2012062516 0.0000 3.94
2012062517 0.0000 3.94
2012062518 0.0000 4.12
2012062519 0.0000 4.82
2012062520 0.0000 4.98
2012062521 0.0000 2.75
2012062522 0.0000 4.25
2012062523 0.0000 4.44
2012062524 0.0000 4.15
2012062601 0.0000 5.34
2012062602 0.0000 5.51
2012062603 0.0000 5.43
2012062604 0.0000 3.46
2012062605 0.0000 2.74
2012062606 0.0000 2.89
2012062607 0.0000 2.77
2012062608 0.0000 2.22
2012062609 0.0000 2.65
2012062610 0.0000 3.09
2012062611 0.0000 5.52
2012062612 0.0000 5.22
2012062613 0.0000 2.49
2012062614 0.0000 3.41
2012062615 0.0000 3.37
2012062616 0.0000 4.07
2012062617 0.0000 4.14
2012062618 0.0000 3.77
2012062619 0.0000 4.61
2012062620 0.0000 5.29
2012062621 0.0000 3.16
2012062622 0.0000 3.31
2012062623 0.0000 3.26
2012062624 0.0000 4.19
2012062701 0.0000 3.87
2012062702 0.0000 3.95
2012062703 0.0000 4.11
2012062704 0.0000 4.25
2012062705 0.0000 4.43
2012062706 0.0000 4.02
2012062707 0.0000 3.74
2012062708 0.0000 2.97
2012062709 0.0000 2.95
2012062710 0.0000 3.49
2012062711 0.0000 4.42
2012062712 0.0000 3.11
2012062713 0.0000 3.68
2012062714 0.0000 4.52
2012062715 0.0000 5.21
2012062716 0.0000 2.76
2012062717 0.0000 2.92
2012062718 0.0000 3.10
2012062719 0.0000 3.57
2012062720 0.0000 4.69
2012062721 0.0000 4.16
2012062722 0.0000 2.73
2012062723 0.0000 1.41
2012062724 0.0000 3.89
2012062801 0.0000 1.46
2012062802 0.0000 3.55
2012062803 0.0000 3.63
2012062804 0.0000 3.84
2012062805 0.0000 3.67
2012062806 0.0000 3.63
2012062807 0.0000 3.67
2012062808 0.0000 2.78
2012062809 0.0000 2.83
2012062810 0.0000 3.16
2012062811 0.0000 3.87
2012062812 0.0000 4.03
2012062813 0.0000 4.39
2012062814 0.0000 4.83
2012062815 0.0000 4.94
2012062816 0.0000 4.60
2012062817 0.0000 2.64
2012062818 0.0000 1.40
2012062819 0.0000 3.60
2012062820 0.0000 4.51
2012062821 0.0000 3.60
2012062822 0.0000 3.88
2012062823 0.0000 3.49
2012062824 0.0000 3.41
2012062901 0.0000 0.96
2012062902 0.0000 3.61
2012062903 0.0000 3.77
2012062904 0.0000 3.94
2012062905 0.0000 3.96
2012062906 0.0000 3.74
2012062907 0.0000 2.06
2012062908 0.0000 2.96
2012062909 0.0000 3.01
2012062910 0.0000 3.16
2012062911 0.0000 3.35
2012062912 0.0000 4.19
2012062913 0.0000 4.46
2012062914 0.0000 6.44
2012062915 0.0000 1.16
2012062916 0.0000 2.62
2012062917 0.0000 2.72
2012062918 0.0000 2.82
2012062919 0.0000 3.61
2012062920 0.0000 3.99
2012062921 0.0000 3.50
2012062922 0.0000 3.39
2012062923 0.0000 3.44
2012062924 0.0000 3.56
2012063001 0.0000 3.63
2012063002 0.0000 3.84
2012063003 0.0000 3.92
2012063004 0.0000 3.77
2012063005 0.0000 3.98
2012063006 0.0000 3.48
2012063007 0.0000 3.43
2012063008 0.0000 2.03
2012063009 0.0000 3.15
2012063010 0.0000 3.11
2012063011 0.0000 3.39
2012063012 0.0000 3.67
2012063013 0.0000 3.67
2012063014 0.0000 4.22
2012063015 0.0000 4.31
2012063016 0.0000 3.99
2012063017 0.0000 3.68
2012063018 0.0000 3.63
2012063019 0.0000 3.77
2012063020 0.0000 3.59
2012063021 0.0000 2.56
2012063022 0.0000 3.84
2012063023 0.0000 3.59
2012063024 0.0000 3.65
